,V1,V2,V3,V4,V5,V6,V7,V8,V9,V10,V11,V12,V13,V14,V15,V16,V17,V18,V19,V20,V21,V22,V23,V24,V25,V26,V27,V28,V29,V30,V31,V32,V33,V34,V35,V36,V37,V38,V39,V40,V41,V42,V43,V44,V45,V46,V47,V48,V49,V50,V51,V52,V53,V54,V55,V56,V57,V58,V59,V60,V61,V62,V63,V64,V65,V66,V67,V68,V69,V70,V71,V72,V73,V74,V75,V76,V77,V78,V79,V80,V81,V82,V83,V84,V85,V86,V87,V88,V89,V90,V91,V92,V93,V94,V95,V96,V97,V98,V99,V100,V101,V102,V103,V104,V105,V106,V107,V108,V109,V110,V111,V112,V113,V114,V115,V116,V117,V118,V119,V120,V121,V122,V123,V124,V125,V126,V127,V128,V129,V130,V131,V132,V133,V134,V135,V136,V137,V138,V139,V140,V141,V142,V143,V144,V145,V146,V147,V148,V149,V150,V151,V152,V153,V154,V155,V156,V157,V158,V159,V160
1,0.00196575962948114,0.0330547650630616,0.0446082746207538,0.0194479747719774,0.0509658436539704,-0.0021639825143732,-0.0407683031125548,-0.0612829050329848,-0.0733656889616764,-0.0218592076354927,-0.0546701965809878,0.0365561783015762,0.0704669671568046,0.103773265179416,0.10595753498938,0.0492929085002244,0.0550200859138923,0.0264140651262316,0.0891943822547828,0.0596608491659775,0.069427710028436,0.0909327866407894,0.0982372261962266,0.122814572645949,0.0820450835240379,0.143549975337404,0.0574174846418017,0.0982522087411178,0.098206531048699,0.0685114836453369,0.112881995012809,0.057918463005401,0.11279766082466,0.0897848671483337,0.121434789482991,0.153814327704527,0.135271935663662,0.176501205871806,0.147589099352618,0.105358131987844,0.0567417683246024,0.0582691688262902,0.0606031423240204,0.0740554713131592,0.14146264792682,0.114788899822572,0.151410823320465,0.142780716627864,0.130911844231037,0.13894679969825,0.0768617645290094,0.0970144467618737,0.0201616918885205,0.0613981007374549,0.0734232440182427,0.0433596957030116,0.0677443048670395,0.000293740342220527,0.0422803317428635,0.0493171743370675,0.0810052909244191,0.10822873505202,0.0482405135135906,0.0252518152866353,-0.0474305826624497,0.0105291231295158,0.02018299823762,0.0401858663527414,0.0930337675370683,0.0892492471722908,0.112776690472593,0.0345030392838841,0.0973082238518498,0.0427183576349181,0.0610112149509315,0.0662899099743961,0.0104744176892073,0.0797901317295145,0.0439227356983311,0.058477449708799,0.0161060854471378,0.021306056335421,0.0636794206521666,0.0544108313468182,0.104496649102954,0.0360204987309032,0.057620174623195,0.054214100333011,0.04839221401076,0.059596300280538,-0.0212159321323731,0.0381773650071105,0.0347185287407313,0.128690451236146,0.0596648650182544,0.0567977857223515,0.0245822955624031,-0.0327958286407133,0.0400871246487242,0.0145592252363282,0.0565650755146731,0.0539449273206246,0.0794248934118267,0.0985652248659431,0.0751423952178688,0.120436348956587,0.0874992197827327,0.076957225126847,0.115448710762526,0.0553973776958232,0.0536617491262656,0.0155001522532079,0.0417888847970593,0.0445602467438513,0.0660781715074931,0.126453734309215,0.089228140376433,0.155146038881266,0.0631091554643525,0.0678324073309564,-0.00190840786362404,-0.00748456721808115,0.068990910727329,0.0573775388298889,0.139774901583808,0.0815397372688945,0.108718300038037,0.0919061414982198,0.100515721622367,0.136381163403184,0.0908683764678876,0.108106663028339,0.100011681777014,0.0938968273692568,0.0164484917157595,0.0245978004351347,0.0539065898404126,0.0662144117128473,0.135419337784576,0.0792531087858017,0.124570142712171,0.0853201889404779,0.0648663520165461,0.0342410608376404,-0.0185803690560547,0.0341325971582895,-0.00316370243851893,0.0437008817773613,0.0862765101896465,0.0599048773802338,0.0722657283830635,0.0249489147746644,0.0246596780881065,0.000791118786786711,0.000219869161798034,0.0251957341250878,0.00961779729313359,-0.0112487619384418,-0.0122705727808143,0.00826790378361863
2,0,0,0,0,0,0,0,0,0,0,0,0,0,0,0,0,0,0,0,0,0,0,0,0,0,0,0,0,0,0,0,0,0,0,0,0,0,0,0,0,0,0,0,0,0,0,0,0,0,0,0,0,0,0,0,0,0,0,0,0,0,0,0,0,0,0,0,0,0,0,0,0,0,0,0,0,0,0,0,0,0,0,0,0,0,0,0,0,0,0,0,0,0,0,0,0,0,0,0,0,0,0,0,0,0,0,0,0,0,0,0,0,0,0,0,0,0,0,0,0,0,0,0,0,0,0,0,0,0,0,0,0,0,0,0,0,0,0,0,0,0,0,0,0,0,0,0,0,0,0,0,0,0,0,0,0,0,0,0,0
3,0.00517138695048868,-0.0522603636170893,0.0242267100433838,-0.0192453739834722,0.0156864521223633,-0.0834447496496422,-0.0744144048305995,-0.121377237164449,-0.125913640582959,-0.0478685875043179,-0.0712090943392872,0.0820669633080811,0.0412780998624007,0.129384577669854,0.0900705319085036,0.0232773263827964,0.0124385299014602,0.033214888596508,0.171350403765859,0.135444520041155,0.173182875800251,0.0870285346260285,0.0635203736500654,0.0514171526100112,0.026859024165857,0.183813890185372,0.0690177942620952,0.189500302855537,0.151149232594958,0.114577684375808,0.144559655374535,0.0378461857173071,0.13253407193791,0.0999114508612728,0.218380938082368,0.246946028927174,0.249545203732864,0.255675389502596,0.155941076957803,0.126049611427489,0.0305322980256375,0.0918546391839592,0.122683757169434,0.196144019814872,0.295772043046879,0.171054306346897,0.225456709583193,0.130345035673133,0.167017525654754,0.197244601920547,0.184231470146618,0.234225681122439,0.0830035339765195,0.156627438551258,0.0642399095506891,0.0265269075462741,0.0772111428773615,0.0159769281677917,0.0956556872875052,0.115028263382872,0.191446593730775,0.154991541872573,0.0699117488973024,0.00423183977783718,-0.101674869217502,-0.0137606521608373,0.0169269112404064,0.153393344530065,0.129213249542086,0.116405175038634,0.140212042801318,-0.00575520206393434,0.135556997388182,0.0564943625386744,0.149587859870679,0.145574980089846,0.100064111099334,0.141058097824118,0.0336960930803601,0.0663039041143033,0.00553086794748511,0.0907303384805295,0.178689858233033,0.195653382039899,0.241278630703252,0.120126294165836,0.106385943626755,0.0283112645624467,0.0771887550247307,0.120517396651765,0.0848412450238392,0.21041860086173,0.179766348833045,0.280820249405065,0.0785041341060263,0.0787260324246024,0.0387370392157898,-0.00271059173280402,0.150957741528633,0.125984614588495,0.211883177973541,0.10928479511472,0.104049380587339,0.103562190311321,0.0550206263449795,0.174513187110946,0.146926532549182,0.195732916573998,0.157070317670809,0.0816187075270916,0.0758861756033956,-0.0157431589133617,0.0611573820618016,0.0546798555576902,0.123124504852798,0.159781038470848,0.142184705865207,0.198115414312815,0.0166005577446891,0.0278117807185638,-0.0897581401546206,-0.0173133859260256,0.0745440009766743,0.0853210132260547,0.164754764851102,0.0438645678180938,0.0749564942488494,0.022224415146023,0.0865761021544996,0.132902995698137,0.131788537439498,0.179145504547976,0.0601941120894082,0.067026440072193,-0.112384405330623,-0.112364057088943,-0.0202105065431025,0.0284022748965724,0.202293397781059,0.116682189393653,0.226238338084839,0.104236631177657,0.0694495682331409,-0.00849860673083048,-0.0959120090143943,0.0260278346075751,-0.0145055550626862,0.0908174546364844,0.101169088783034,0.0720229891166744,0.0364240165317638,-0.100227650828486,-0.0660966544000188,-0.104784019941843,-0.00852825565642391,0.0575849934782796,0.0566074582136068,-0.0253110978975433,-0.0894605906098267,-0.0352320193368539
4,0.00144483035302206,-0.0516963951839948,-0.00978686340527931,0.0248594031634935,0.0247826662882322,-0.0214137183609826,-0.0159773563881023,-0.0155018793031423,0.000584208768463924,0.0568600866758067,0.0347048839220379,0.15713829651746,0.104674640267657,0.131503991935122,0.109070460380096,0.0442058843808125,0.0960445062550496,0.101888234350462,0.213246916706518,0.158905071110365,0.17162211165261,0.1444895538243,0.106434724152443,0.10092507702891,0.0642576677546635,0.210264837320099,0.13110200568102,0.222506136415759,0.229467515141181,0.144738199463428,0.182568375351278,0.146279176566074,0.195164956856672,0.20121652980689,0.256625864326802,0.278483365290487,0.265438934114,0.29979739200392,0.212252693249846,0.210665192369225,0.200355337660909,0.247684760030049,0.281940467067159,0.291604608126311,0.353866006344422,0.249966673955416,0.266856639626634,0.211103195191639,0.216141740269582,0.260373719667984,0.237921077430813,0.308704164345497,0.186374187084879,0.23309768723474,0.193609347591641,0.120294459947299,0.194109782266321,0.135099879257601,0.183577975236674,0.20048281370289,0.256410049749988,0.241302244947158,0.160052687723145,0.149826006926975,0.0726340079397019,0.175981499793611,0.190032934138692,0.2517784524967,0.232299412232618,0.1753664376262,0.202411196328974,0.0849766564411002,0.195944030552739,0.171103970912066,0.239249129686826,0.248858235782167,0.199779664075976,0.222503004196922,0.0950396078496488,0.137811542346261,0.104937531272556,0.149199886578912,0.249881940442327,0.229261870492857,0.290554358742293,0.207287487858497,0.201801049933779,0.162219898005363,0.198482748046,0.228705438441317,0.168477553934504,0.258163041649693,0.187392220972261,0.239600913906883,0.124058650246538,0.117520465114915,0.136825309339156,0.100547668797343,0.215396527766697,0.19241608365834,0.232004622248159,0.150904750940582,0.116086641852566,0.175427754925571,0.143518202276852,0.231980910886066,0.21509025607415,0.236686556069413,0.240606219895372,0.157157208764886,0.164167097960486,0.0857034408705709,0.152826535333545,0.144758354430342,0.205157988092929,0.229383220745687,0.16269607296958,0.223911713096602,0.0845509126408975,0.124958686571247,0.0701367539937445,0.12908229853431,0.208768118243514,0.172597287553167,0.234114909863372,0.111445506731554,0.109254820167787,0.107576883121324,0.146576500248715,0.209466834324602,0.209845387140871,0.25430697301747,0.184551194780487,0.189957631943828,0.0721130449837627,0.0143777025579428,0.0845041803698995,0.107722460852555,0.227666797091245,0.1728892862818,0.234451668011068,0.114789206731173,0.0807406677363536,0.0835791702664734,0.00449601718147047,0.128825359697414,0.0785528517553436,0.110429116321939,0.12563715701047,0.0313507607930095,0.0340389961027014,-0.0353197600891139,0.0173857109713859,0.0189451163234055,0.0799574887394709,0.113169868655958,0.066566809082531,0.0390230729564589,-0.0389913302578234,-0.0140267722352788
5,7.06444290776981e-05,-0.043926740818109,-0.0123787361804757,-0.0255405607792903,-0.0607428252058726,-0.0203463787011074,-0.0238980193631565,-0.0795932799146127,-0.0926024460291202,-0.104170501251422,-0.185251699695355,0.0313852702857137,0.0659483929189906,0.175642168567593,0.165437383868496,0.083937498465774,0.00469289794785687,-0.0638086384153536,0.0401738884676046,0.0125667972324903,0.101612181026328,0.143208119036006,0.190255358439363,0.126787316805678,0.0306107629338011,0.0848780566882573,-0.0927329570296147,0.0489809342095311,0.0759516243618493,0.108558964599306,0.191321240989192,0.0928007688842886,0.119653047087251,0.0475394991374363,0.0937492991047635,0.12295805207504,0.157707208224921,0.246751995103923,0.193233785218072,0.137768440981527,0.0087356236704532,0.0189525254990944,-0.0104450470648562,0.0522850524720806,0.229709249858152,0.218651671777935,0.285573317222473,0.212126820961908,0.151839554069807,0.0636332686302364,0.000163693386999868,0.0953450895453426,0.0144549175219485,0.176372969897945,0.15332503869708,0.0800524762698521,0.081512784713165,-0.0499587004090043,-0.018359373475384,-0.0222485074562167,0.0994272355714188,0.15247738179033,0.106338251339722,0.0612615249264194,-0.0900985788237029,-0.0357514748847161,-0.0401236507875856,0.102922009108987,0.150408504838903,0.189197993056518,0.210669995459709,0.0433900049972634,0.095693998132474,-0.0512268527422817,0.021570268195494,0.0535912363530295,0.0747266192829758,0.20831726134025,0.132494216841213,0.167876193213,0.0171850194908586,0.00437021550791235,0.0451022481996925,0.046872945310716,0.160705831886681,0.13059982855626,0.171434666391833,0.0842765572928899,0.0620706951613513,0.045619737755208,-0.0417919232468369,0.0863684835154551,0.135491826555955,0.29673931238101,0.175148952248287,0.17066115972806,0.0623599095754909,-0.0610743885898672,0.0383179287472625,0.0420927682756227,0.183906728226783,0.202184368126084,0.212671569409859,0.177451732983679,0.0871453051289073,0.132467429053034,0.0422933712468612,0.09359617079927,0.159760892410563,0.141429755513965,0.199055601475059,0.1252345898599,0.132921477557598,0.058075174929834,0.101306917532496,0.152479299025873,0.168835115588815,0.263918002570533,0.131597879114145,0.150218824050228,-0.0365291889493747,-0.0213995140373315,0.0483267652102585,0.073421744505284,0.252773485193995,0.20660097306657,0.241844789494631,0.171300889561883,0.156580321935596,0.15261306672106,0.0909742592958218,0.139013228781051,0.120068611663283,0.22753374840378,0.105142097901668,0.0564924591068604,0.0701094508192566,0.0276034383037998,0.111890872780836,0.0265311206329335,0.18085563981972,0.118087569341367,0.127812575473551,0.0908284101642896,-0.0377388491136134,0.0380243443663009,-0.061724989049017,0.0574580450592481,0.105343470339236,0.11001908059261,0.127911911128991,0.00250663730425215,-0.0142437026516257,-0.0943450665492655,-0.0818922441224137,-0.0253754325438855,0.0343120517627479,0.0516477908771048,0.0453871066848147,0.0554745215347474
6,-0.000779503390917364,-0.135020054665609,-0.114604609734258,-0.0864469135641525,-0.101087415826846,-0.00135352093158576,-0.0469090543795478,-0.145986151664958,-0.189214983479903,-0.181722013171872,-0.259986282807717,-0.0148945032262491,0.0367307869355951,0.173226652539235,0.0992987066353648,-0.0196997839903964,-0.102276935029361,-0.190170271020898,0.0129648870067237,0.0122343732265877,0.0735911486413617,0.0798251819340595,0.0752095600634209,0.0113202280767836,-0.110865761379102,-0.0232043503317528,-0.162511728459881,0.00638929638409407,0.0352559535898474,0.0415288391463031,0.134702099791206,-0.027311232525484,-0.013468990623088,0.0162496011007305,0.0601946091050839,0.134016413551358,0.182188199002885,0.272196669453365,0.176877747345821,0.103766905592208,-0.0823518762435992,-0.0676761147177085,-0.0361577836366243,0.0314144546153076,0.254960367248693,0.217491065284456,0.266594844860411,0.168638111673364,0.0819014240356371,0.0426808286386617,-0.00952910685213072,0.132137441814978,0.0515230745344315,0.225998807269597,0.130483594199116,0.0207062768273709,0.0253976519126602,-0.14679663213281,-0.0362582685545352,0.0006534392446959,0.126343031023645,0.166404541968404,0.109334949785956,0.0542579891662986,-0.139905401967083,-0.0934746456125079,-0.0841239231004986,0.0955308581692264,0.160225781454907,0.183596540985849,0.20682756690776,-0.0562910337410397,-0.0210043869301407,-0.123106415810721,-0.0529363069589869,0.0245190804364542,0.0600008967196679,0.135936134558434,0.0251019546410558,0.0695728423474496,-0.0922118242388395,-0.0878537278023285,0.0332500685706671,0.032292013347602,0.185442932260304,0.126285006632793,0.151019607233131,0.0343708666017806,-0.0460343597207853,-0.0297252167223292,-0.0921440557203087,0.0518820690139152,0.115500165581527,0.280747059107564,0.111337590634404,0.0539559791324785,-0.0456298388262422,-0.188446627343905,-0.0112671353614927,0.0190560473495303,0.162275253201058,0.172018831906378,0.139639573989398,0.0659845642312603,-0.0403019724279908,0.0139498247331692,-0.0569778891057374,0.0385827697368713,0.130641901103879,0.105556492062904,0.147614563069569,-0.00474976717311825,0.0199552822383061,-0.0689954456742866,0.00523975482370192,0.147943154660893,0.17243290080502,0.250684847149462,0.0705179515624314,0.0662755567167135,-0.16988829520057,-0.156601387302947,-0.0385018196217727,0.0338311368817458,0.228957476794925,0.147083279774295,0.166979844322616,0.0454810983480247,-0.00118379221471895,0.0558716612592378,0.0424011776763415,0.122800904266904,0.146834778466421,0.214775870055992,0.0606333853462831,-0.0276068507014054,-0.0135018374526377,-0.0799883604644227,0.0508681902800982,0.00583449502052086,0.185956980595551,0.148375068810604,0.106051450408697,0.0311755985002351,-0.123521419382705,-0.022619412592826,-0.0981708530472208,0.0397449860315467,0.120165436067215,0.105440084851451,0.125669783367885,-0.0995959695477186,-0.121813356420178,-0.171675315355608,-0.129085043894519,-0.00547984897094655,0.0265870424850305,0.0368618905788983,-0.0328714470619837,-0.018277600264613
7,0.000771010954632548,-0.0018094243858322,0.0389747724197548,0.0258377497062958,0.0307672142598533,0.0776471489166986,0.0158664948734249,-0.077783985123878,-0.0883390335490002,-0.0574738367575138,-0.0996686092983937,0.121469609046573,0.154266748889071,0.229853517822543,0.213938798989894,0.115348014946988,0.0294650811714177,-0.025258777357857,0.12003034828363,0.0908584180656489,0.187433676352052,0.20944987405519,0.211670248236897,0.144927807895879,0.06816042308707,0.153501722243667,0.0278646222727128,0.169637449723753,0.176958334158953,0.178026982425064,0.205409631156688,0.11269325023487,0.161326853386639,0.107125388804251,0.188136909861671,0.225193804132491,0.246557362368877,0.307852161884205,0.226833909048276,0.158133489637411,0.0510343800890076,0.0712175026792805,0.0837828403102011,0.188200475311152,0.350690715088532,0.297961451473417,0.337103166115487,0.23966528716188,0.201643249097857,0.163859412794113,0.124518512456563,0.209741331122579,0.103462405135399,0.220895893500579,0.184834410222595,0.108808134878236,0.125896371611561,0.0365897873870734,0.098011529296281,0.108717466776596,0.226623664011085,0.240649475481025,0.139567600025871,0.0938428259485035,-0.0537981464357946,0.00975248330097556,0.0466802756699336,0.18624747674348,0.239345774984312,0.255002530150533,0.260238653407092,0.0917456165060125,0.14615820680666,0.0289577336094304,0.140586241652412,0.16017664780071,0.168649908799167,0.254314694216827,0.162721733485174,0.203399666958558,0.0828047629887127,0.116327902890161,0.177467758043093,0.181592470024842,0.265467488515195,0.201829171003443,0.222434443094419,0.12954605133505,0.139235423010677,0.151222329364208,0.0870579582713235,0.207600315324521,0.235410489146716,0.356094925170499,0.200015209923188,0.173090476851175,0.0677865128942319,-0.00878083077221088,0.106781668141875,0.111280396802661,0.255038435832786,0.216434777743933,0.219438209585341,0.196447273140032,0.132188209181547,0.195489704391295,0.123170304213434,0.201093508809468,0.240624643727214,0.174266884891343,0.196099846318843,0.110510053713227,0.139154088260349,0.0954598565767844,0.177717151852982,0.249243444778544,0.23590187150216,0.31347085862895,0.168486361290788,0.152571797040984,-0.0069785522871513,0.0267322139651124,0.103331316640013,0.131148580304106,0.306273694408425,0.237253440292478,0.271453673774786,0.177951002901299,0.16904400097471,0.159572945738579,0.126634283536383,0.201563520599198,0.167545166244178,0.231389033494894,0.0710869160335501,0.038860623366991,0.0537782654314552,0.0476980662967181,0.196637735195385,0.119458750740685,0.238950904766184,0.135412881970287,0.114379724778136,0.0438245071982393,-0.0664909993790586,0.0251049326494452,-0.0393159184571416,0.0823122095698763,0.134008912189085,0.118354455177279,0.124570975569264,-0.00923849737855656,0.0151602536118793,-0.0371820664581232,0.00656442942201716,0.0745395986164583,0.10939234006195,0.0964157049232796,0.059979794201862,0.0604849329415067
8,0.000358018066977965,0.0204176343396849,0.0648144613831074,0.0719424988820467,0.0383206250213642,0.103360592957373,0.0499462360762865,0.0301061424720265,-0.0114992684862297,0.0123914248507314,-0.0572457717744853,0.127573734712819,0.103114756484048,0.194920840520086,0.161456517023915,0.0947930875440557,0.0834773921942873,0.00828248473316075,0.120777863521011,0.0728402688980284,0.122794418773141,0.132791813913229,0.17037864633778,0.14458470483517,0.052805442645196,0.146543786265252,-0.00491887981520382,0.139924340271647,0.165616944545034,0.142728425032683,0.209989952922904,0.103257047263082,0.158951897125888,0.128472027067608,0.165880726512772,0.186217425116088,0.193336618947461,0.262833095863821,0.209842750864549,0.197317699968546,0.106905221426248,0.107665582978287,0.105571663929058,0.119665452744532,0.270020860595715,0.217043334106404,0.280718336471489,0.228949465618864,0.201235945375162,0.176418491166927,0.131527952228045,0.216740268887361,0.0960326458715582,0.241136340871614,0.193292976174476,0.118804284250809,0.160008427254736,0.0248638738591918,0.091366738566877,0.0796797569522829,0.163822149979783,0.191700291040432,0.138260433658394,0.114383124380908,-0.00658589857248716,0.0577745023895461,0.0386065094240786,0.13663668565884,0.165431302677232,0.194414210623983,0.254244973039251,0.0869395580538054,0.153838950803242,0.0523587804757963,0.131196410819165,0.155030072875156,0.160192312166579,0.249744885227343,0.148029841937171,0.188342424054526,0.059932901119191,0.0848545743043786,0.167014501883913,0.147941277725852,0.25215346535353,0.180853023110178,0.236644431211282,0.175041930066314,0.179906013306144,0.190329934064917,0.0843313511252931,0.173350791685841,0.155771089529926,0.293904418729753,0.184855833392132,0.171714632877478,0.1051039970327,0.00559597612283072,0.122221891497859,0.102208168971091,0.201699783284361,0.186719523588573,0.175100181480614,0.163334017258593,0.0958190220651561,0.187670697376165,0.119796885706064,0.150604490171909,0.192901062991455,0.127961020847777,0.185641758529522,0.0853057942457316,0.110171824195451,0.0586268223688316,0.112375113980582,0.188573772635718,0.180047710253221,0.264249226351474,0.121451563790794,0.157185652475403,0.0273304223263799,0.0638480079764454,0.137446261456842,0.0805976271559335,0.216333741481091,0.15111947006516,0.216121821145945,0.163768726814325,0.143197614835147,0.158010043689265,0.122279470954377,0.180872668332271,0.135302551701387,0.233535034740148,0.0865390557854752,0.00693390615790258,0.087266688481947,0.0602997638762125,0.183387699911464,0.105803881337784,0.221716786232444,0.10507230884629,0.0911500926422867,0.0651659621741922,-0.039482087662019,0.0707290762037213,-0.0210208876447111,0.0608239404172812,0.0731546783848176,0.0256544998042136,0.0785271117109444,-0.0658206165787044,-0.0130984873279402,0.00413082181237396,0.0438621780445625,0.0887461204315093,0.0909615782607946,0.0745906899179569,0.0582830974624125,0.0960826123252863
9,0.00349670427794589,0.140210851971061,0.197329581079817,0.137645637627073,0.104942803827265,0.114850768161025,0.091200083757914,0.0654063912118385,0.0497074582511104,0.0115659536941493,0.0156825288744613,0.150104928547312,0.148148327200532,0.150063949234924,0.139851531573967,0.0807526813250988,0.0774122105121397,0.144479235951417,0.193106851596919,0.127153544997639,0.111973665429535,0.0880343810411016,0.0813636282026648,0.105267013125278,0.137941312140701,0.177885614508173,0.103707341343087,0.147904247311056,0.136302384471525,0.133708570347227,0.153570125294018,0.114973403012545,0.139450462775814,0.185091736113476,0.240856333454597,0.260678472045201,0.254322870905267,0.230535258144958,0.210769471404213,0.148677457401887,0.155642802372103,0.178192227518925,0.151806515977739,0.191612570593756,0.228815445411985,0.209993837181131,0.240372367849892,0.254170455516821,0.262572634402438,0.269988925712053,0.256659577250662,0.217557951227816,0.129841296613574,0.122201721279654,0.148262868548077,0.0973548973210958,0.149978500989016,0.15544335025914,0.150648674776584,0.169805364769626,0.197651669849039,0.222690940387016,0.136453009965354,0.0818725000414343,0.0422472772599465,0.0851282222573684,0.113012565001359,0.160619966628515,0.155689606582344,0.149987976202922,0.144258996110694,0.101435207602757,0.158020798858194,0.0987178756605869,0.127395660503659,0.124643469768869,0.059698406976634,0.094619611681221,0.0774706338401042,0.0539137940521683,0.0907424759312899,0.15651373429123,0.191789217686442,0.172084927419726,0.165079019898917,0.111018564376951,0.0763856710225482,0.0790291626161795,0.0919528316036436,0.096736518755276,0.0571391964215876,0.114772728485444,0.146399333252798,0.213859278689031,0.124418559923594,0.115679145080938,0.0536748048775027,0.0564168942110979,0.105463503833551,0.0905211830279722,0.0994693711780884,0.0689750215989435,0.0402439326532222,0.078067313796109,0.148138371187377,0.175931029515952,0.134212663213838,0.107793013500323,0.112907895278101,0.072389711916944,0.0942484052049658,0.0867398120179452,0.0591391695919118,0.0867595789034963,0.114425820977835,0.164560008879117,0.127054562649149,0.180074564569867,0.0853731476912432,0.0198543035435007,-0.0361997074360882,-0.00716237237145418,0.0273061559902252,0.0377100080029042,0.100925261276452,0.0755751132761239,0.0856156405609016,0.116382163668938,0.187337455818643,0.206613919827112,0.17124589167002,0.174828341270239,0.136015595760361,0.0944864512416009,-0.0345427495689001,-0.0103368919790029,0.040066780556906,0.110424391582879,0.19004473341264,0.13863919434847,0.168348024059166,0.137519649068035,0.132917453250739,0.0937510505314005,0.0673050438508659,0.0679903258891586,0.0659569755600867,0.0973719677797073,0.154804891933327,0.13226736304154,0.112131667718392,0.0469900102010787,0.0273522294338883,0.0613145675456226,0.125737212327957,0.11877751366583,0.0874850752504524,-0.000438043736834485,0.0146237458199008,0.0325011287525587
10,0.00101394925055177,0.0293622114656139,0.0784509826300975,0.108715674528528,0.0585955734077837,0.137414746878504,0.0463383258477293,0.0332564046128807,-0.0268010863933555,-0.0386449743500454,-0.062739617901565,0.105925200026763,0.0236636743663642,0.112253934022104,0.0660577726578135,-0.019156278415153,-0.0557683011060213,-0.078055923445559,0.137038428564839,0.0591415013746303,0.0673460344058186,0.0169064573127137,-0.00994704726563055,-0.075451567637192,-0.0836776520432655,0.0419492202693881,-0.0665146129447494,0.116462943830435,0.185540871648275,0.1583741016309,0.141635523041733,0.04599632993072,0.129946740255119,0.107300475228442,0.218794587354048,0.270549913004419,0.225623232029316,0.249235370958702,0.181169887906673,0.118797069264992,0.0326460969984116,0.0649239595114181,0.0600554573482048,0.114490498933221,0.238408494998092,0.153758864677122,0.221551906660797,0.136784569685242,0.116757043633413,0.0873668029190675,0.10039729781424,0.218407106846333,0.122737860501888,0.209844326211014,0.135939894383063,-0.0235199871314285,0.0380074475562022,-0.0177013013611007,0.0882116407625663,0.0883498160790424,0.187070746003846,0.167927124297447,0.064569875365762,0.0239431462718127,-0.0912938605771644,-0.0226853793903524,-0.0205395009015113,0.116076422525808,0.0854488069367767,0.0982655904847362,0.0476865911106701,-0.0872676435531449,-0.0240114136866185,-0.105879021229423,0.0342338359514552,0.104484663918482,0.105400805040662,0.144479429217253,0.0210631380366848,0.0152867114678586,-0.0284905514889979,0.0820653325845498,0.222498112827001,0.173149321658896,0.255416413179544,0.14240132613147,0.126768620719828,0.0500804492611348,0.056392042335436,0.06841523086225,0.0123588251017846,0.142783977597326,0.170215266061003,0.26943251491616,0.0848085214318331,0.0889095595064189,-0.00186612825920327,-0.0524837538692336,0.0936692264471642,0.100760189555276,0.205063963903144,0.145417875038172,0.0709916194721495,0.0348062392993239,-0.0288521952195034,0.0611940324061878,0.0902954347371651,0.159147356557995,0.198983028683751,0.127320933899004,0.142889033511815,0.0168483700948891,0.0796665851738786,0.0715696752274727,0.16821184325191,0.224532771753568,0.178496933739107,0.246303917079993,0.0687765211962782,0.043941555492735,-0.0370266054000702,0.0546007217593779,0.120031428108462,0.132654008911225,0.297510706743079,0.196337032380694,0.223899213554654,0.146650514798528,0.167646579523059,0.200313075499655,0.220090106945498,0.297734732833384,0.250401661466839,0.260243133241402,0.0504322191286822,-0.0454972938226607,0.00810820043788749,0.0208079562090921,0.169837074276145,0.111327359367523,0.234252348181892,0.0939930996413455,0.0992347805837594,0.0289227619356503,-0.0607045491673495,0.0289712027845241,-0.0286181040752277,0.00169615875953029,0.0641844468086345,0.0454686381516721,0.0397793693215336,-0.168625588815527,-0.170688381586261,-0.216307856893987,-0.139859821588328,-0.107267856235883,-0.00477118524082627,-0.0433949964957962,-0.0181434126699225,0.0317062175440104
11,0,0,0,0,0,0,0,0,0,0,0,0,0,0,0,0,0,0,0,0,0,0,0,0,0,0,0,0,0,0,0,0,0,0,0,0,0,0,0,0,0,0,0,0,0,0,0,0,0,0,0,0,0,0,0,0,0,0,0,0,0,0,0,0,0,0,0,0,0,0,0,0,0,0,0,0,0,0,0,0,0,0,0,0,0,0,0,0,0,0,0,0,0,0,0,0,0,0,0,0,0,0,0,0,0,0,0,0,0,0,0,0,0,0,0,0,0,0,0,0,0,0,0,0,0,0,0,0,0,0,0,0,0,0,0,0,0,0,0,0,0,0,0,0,0,0,0,0,0,0,0,0,0,0,0,0,0,0,0,0
12,0.00220515471119018,-0.1482158915437,-0.0462667379440223,-0.0174098166873322,0.0268369234712248,0.0112254109471762,-0.105405357317597,-0.144630568959459,-0.197246291781378,-0.156026170094009,-0.111709312748725,-0.122120211069153,-0.13436257236686,-0.110275895948549,-0.1593765818467,-0.218111160885235,-0.192832859830228,-0.136196353906696,-0.0551307722507672,-0.106245271255067,-0.148501353039981,-0.247549064018579,-0.242052741311797,-0.256370264731233,-0.204041863379886,-0.0722963846051157,-0.175698005510334,-0.0476716954752425,-0.0666589820649044,-0.119062872559287,-0.132898859172467,-0.147724144006845,-0.0668928007083332,-0.0199985304255315,0.113893012881554,0.0892201853434984,0.0552554998628941,0.0173726652151278,-0.068994844460524,-0.0494864318632479,-0.029443085332231,0.0721716488939773,0.0737540301080316,0.120269935322616,0.116488359104072,0.0202690059120454,0.00515806844183149,-0.0533992398211422,0.0236527412069588,0.0409336382167785,0.115366284026741,0.134223399291151,0.0116133670579334,0.0436327179674462,-0.0904326167216034,-0.182720617383215,-0.0990915814900479,-0.0668837142784011,-0.014247422433871,0.0125858868408764,0.0586641247433376,-0.0263384734026871,-0.123282144992133,-0.158062648940945,-0.194695527530887,-0.0859948257092109,-0.0215957014200001,0.0942634853143842,0.0185358956076757,-0.0190166859771695,-0.0638370010727629,-0.15058574239599,-0.0368511730601135,-0.0302553719904049,0.108331368603043,0.0537121278339149,0.032521071970982,-0.0105023719352047,-0.160862798975434,-0.145838623229956,-0.128938842278531,-0.0122216578841875,0.122344446774114,0.127885118603535,0.112512713866652,0.0147359872826898,-0.0596929466351704,-0.138181189524105,-0.00155109897764344,0.0505871842678913,0.0475549977944772,0.0551090859731052,0.0136290130703859,0.0187939766019287,-0.15779639310805,-0.126300487255821,-0.150220209965606,-0.0703461152834139,0.0335692329352854,0.0356066411316608,0.0773054030684814,-0.0809037543157396,-0.118008846874144,-0.12111864725796,-0.0811271895392921,0.066318126499606,0.0894647076473678,0.116385238200876,0.104916972327243,-0.00609052119212843,-0.0666109726769561,-0.103604275696142,-0.0273429165193226,0.0292240659872911,0.138370005062343,0.120736404545739,0.0831268087319478,0.0629921026341514,-0.063204810888481,-0.0391256480286428,-0.0765312403541771,0.0666148464038554,0.120069232593349,0.128756019397282,0.136388670766848,-0.00792838199992435,0.0178465602767288,-0.0080446583212747,0.087243452788721,0.142113375364268,0.187307291670842,0.218584243370714,0.115578582066711,0.080837680265538,-0.115135646222612,-0.145936840086051,-0.115028321953076,0.00868970948148295,0.102447185947361,0.0647412920907687,0.127377349002354,-0.0910707011496032,-0.0731320582751107,-0.133184743660952,-0.141123882523259,-0.00151716196085521,-0.021474209053482,0.00723518110931997,-0.0371761954224053,-0.107835318831818,-0.153253385433115,-0.211554407486502,-0.143184644842659,-0.0924067991431177,-0.00478189015986881,-0.0020229267878765,0.00563527119177123,-0.0972108570421117,-0.186767602793149,-0.17308921128695
13,0.00868155475346447,-0.168942604943332,-0.163925437206181,-0.1327060547846,-0.148227227120201,-0.0467668681022094,-0.00614752894705966,-0.0310806035237502,-0.136811311041442,-0.205768942789278,-0.1751590409012,-0.183003892888964,0.0176410645154496,0.100748308771906,0.0358633651394714,-0.0930746717504708,-0.138608372819667,-0.182908477626269,-0.0490318088153113,-0.0407931947429842,-0.0641678271588182,-0.102276957256991,-0.125403903121798,-0.273549564904752,-0.283679658962956,-0.111038641062495,-0.2275057858128,-0.0271551479603103,0.060097468744734,0.126004185682723,0.0478361683964342,-0.0096618584267478,-0.0216714046362601,-0.044612311951454,0.032427745379084,0.181109045883905,0.228704058420231,0.192538361459836,0.134716506902012,0.0144516935122084,-0.135746891840865,-0.114967461044261,-0.0146481188893626,0.0540653134721557,0.190132267186255,0.191738548013026,0.238851445403133,0.134197451406323,0.0794614002906276,0.0530449351162916,0.0443192286397322,0.148532435597633,0.128124842795521,0.216757271027458,0.18789181729216,0.0147472806105083,0.0265143951036972,-0.0597957953700089,-0.00137333852981233,0.116398758846267,0.258174718590118,0.298345479227027,0.221748183764844,0.0630398587928827,-0.0956307472707448,-0.0374764459805578,-0.0207588734794369,0.167908920619221,0.163809168420274,0.175832973562802,0.110488856070679,-0.0528265718668279,-0.0101353245032453,-0.113246333666599,0.0229571457501153,0.112670894010047,0.208369912190943,0.212570203477271,0.137144246527928,0.103077849134307,-0.00704651820677638,0.0256481587610389,0.173216607741827,0.228486807336644,0.25607842078993,0.264999095452471,0.192679257728043,0.0554326439538225,-0.0277201664608175,-0.00246090951876166,0.0394963053516236,0.175169101319697,0.275571286111541,0.362602692799972,0.111772682735261,0.0736521537881009,-0.00285930514161788,-0.0665290930364789,0.0621559603485487,0.157524377288199,0.218021754624087,0.147076409023725,0.135616224357668,0.062620873387234,-0.0390536242500713,-0.00257922692996355,0.0343821552051736,0.0699559654371933,0.150307403654724,0.120344179226639,0.11501472431908,-0.0663838652543916,-0.0694275611024587,-0.0161317800227845,-0.000656242868606286,0.132681565823796,0.139130430928538,0.169879516601228,0.00269530798447364,-0.106006669866097,-0.210857991029853,-0.0966486103058708,0.0573187361997094,0.111287686535994,0.216923815749441,0.154362847799507,0.119676412561056,0.0422294041756405,0.113019965592151,0.0706795723197172,0.0386894079741711,0.158268685164236,0.180568982383006,0.193682115216084,-0.0513239342045025,-0.179463619357865,-0.217026889152439,-0.239182552995449,-0.0954667729990045,-0.0290008330542749,0.0856082505581422,-0.0359865352801352,0.00965144835098092,-0.163261962282871,-0.343605634321429,-0.284501526746868,-0.225202544743802,-0.216857396068253,-0.177366000024183,-0.142311104825447,-0.215254047142563,-0.471499561850569,-0.544474719581105,-0.453771012530669,-0.441392024178628,-0.357965918587992,-0.113579590604918,-0.16451254490106,-0.23616276317687,-0.209436098021528
14,0.00591786255171936,-0.0313820997266991,0.05559086942476,0.049606325383179,0.0422398229498084,0.0690695299837104,-0.0584872237024167,-0.112023328226707,-0.230067546382529,-0.220896291864121,-0.180503707713442,-0.151824315061308,0.0785673169914687,-0.0571539984987478,-0.0473719409587169,-0.174693632784907,-0.232128951176191,-0.192168406732446,-0.0319849174299811,-0.0829000414872459,-0.0583205941473704,-0.177011964174778,-0.211755395259454,-0.293421338046102,-0.27954034008372,-0.108855582296482,-0.239534389768201,-0.132882433757324,-0.151933320685905,-0.225929543951737,-0.278265733012328,-0.2959817178636,-0.157175212584035,-0.108333196796578,0.0412706023178546,0.0499639011520836,0.0425276049458531,-0.00156195052602837,-0.0605420457580396,-0.144930932902544,-0.222173549036981,-0.143754966183632,-0.0819416903014213,0.0435068798207519,0.14826960823018,0.0309120429072454,0.0385467954502976,-0.0845597595562463,-0.0330309994200993,-0.0204993995490259,0.015562809744245,0.0675739999200731,-0.091347187641748,-0.0234287476041841,-0.107485830744487,-0.167135835290353,-0.109740007042221,-0.105763143477316,-0.0827760296818644,-0.110659784629518,-0.0299902874884394,-0.119900925704895,-0.200997068726725,-0.273529615210293,-0.387428742706353,-0.228601000118856,-0.136554275741115,0.0771675242556404,0.036543940245842,0.00340934369350207,-0.0291306845912257,-0.175645611259452,-0.017756420984949,-0.0880771679174263,0.102437871694535,0.0446207533584278,0.00492621593459837,0.00593997215668183,-0.105955391000823,-0.0786988413010585,-0.0773821068930867,0.0762283372367496,0.121085678943792,0.149498329416633,0.150270630886164,0.0186325584954061,-0.0118552857597469,-0.087798554285251,-0.0243261364576445,0.0365434375491435,0.108831873862381,0.207667515164674,0.192394055393803,0.205190563957799,-0.00459865407646313,-0.0378328355221486,-0.0889356377324373,-0.0427078364944462,0.0857225575468786,0.120850610754372,0.216561257951981,0.0968944653505951,0.0691495226393505,0.0575485132784734,0.0600285501311813,0.181679553207443,0.153339536604732,0.22451517081835,0.195403519763812,0.0963765922305651,0.0872624956920293,0.00691501710054674,0.117452326527641,0.149788723785675,0.311149237564973,0.344939202619785,0.284937581476874,0.305869042084952,0.0774809803304962,0.0562410729742928,-0.0353817306160697,0.119180518832343,0.219865911448667,0.281823978832159,0.371089396092686,0.204051086000742,0.225490489548157,0.124349613641646,0.228365559635024,0.25489505524426,0.281182869472354,0.338971773552699,0.211185980365227,0.221642078829467,-0.0125922429248405,-0.00445574677499964,0.0299379193332844,0.174362343270003,0.289816818205049,0.233880891900183,0.317862063077922,0.0934224719561073,0.0858455979421608,-0.0343999285718359,-0.108924667810745,0.0403447367143631,0.0522207787998197,0.20895999866716,0.220630738813306,0.144585017887819,0.0324294227762241,-0.113833630771203,-0.113087396085268,-0.103552201146183,0.031696537905754,0.0398967723790539,0.0447509934719628,-0.0488012344252364,-0.118600551099063,-0.0812164618654049
15,0.0037187674203361,-0.12974112767581,-0.0895699241371046,-0.0735549499090639,-0.0892014241005642,-0.0935482819732747,-0.107356342810756,-0.12726419013167,-0.17540800138042,-0.165965871361135,-0.166871390889439,-0.185196997766088,-0.051548860393665,-0.0845759410960822,0.0521905576174462,-0.0439165498465943,-0.0967518646301569,-0.114235420148453,-0.0550207382978383,-0.0956877623295789,-0.0466236918891406,-0.0401913964612388,0.00384080281951285,-0.0201475597023049,-0.00153304007006556,0.0409315207140647,-0.0882476918553937,-0.0179940502387864,-0.0460028619372853,-0.0374940514471782,0.0103951911951888,-0.0281171797436382,-0.00595872723537039,-0.049253590126783,0.0127396443217971,0.0269034680448221,0.0409896082198244,0.0970154272707638,0.0652467573117041,0.0274699589282557,-0.0656944974800512,-0.0370910114742797,-0.0726946419767976,-0.0350580195792078,0.0623796296811488,0.0223101999274443,0.109050364236041,0.0428518110299395,0.0772815991580145,0.0103123088656321,-0.0243237004124216,-0.015483694039915,-0.131915090935442,-0.00876945792044771,-0.0542528220079713,-0.0614436314821081,-0.0359790850832468,-0.0771752215238231,-0.0891077617794002,-0.0573417865781174,0.0109554261307584,0.00155296960648623,-0.0284615086065975,-0.0967860834670202,-0.168274902058301,-0.118682848980252,-0.137621195668443,-0.0347490734316144,-0.05357272321051,-0.0200220246373446,0.00085228417152742,-0.070728363786374,-0.0270061086363794,-0.107583573382142,-0.0567401364346,-0.120440468707873,-0.114964173885102,-0.0610861544855003,-0.09248176753357,-0.0357685646290437,-0.120414788425493,-0.0907762146511001,-0.0649052985855911,-0.0854184644281405,-0.00184037602389746,-0.0603591953884657,-0.0626868462431949,-0.129121940044089,-0.0942433447094059,-0.110398553459199,-0.121189948591785,-0.0562276638045597,-0.045983012927647,0.0727937154594703,-0.0591347115798315,-0.0321657798035325,-0.0883740675294285,-0.156718562142866,-0.118563152879045,-0.144704848453287,-0.0796961773136675,-0.110134004609886,-0.0211663782611945,-0.0258057409885711,-0.0346979029028016,-0.00835155137465387,-0.0984511770959652,-0.0279580101483094,-0.0256265889274519,-0.0613390246655356,-0.0476199287024789,-0.128401515221712,-0.0619560077271671,-0.0903646520500508,-0.0284601105055064,-0.0214890281913978,-0.0030574527884208,0.0443154566695143,-0.0431264014133845,-0.0451276742504512,-0.141827850800942,-0.13153269297523,-0.101766456877305,-0.0557585974211583,0.0170205103811499,0.00504924204324644,0.0345727276245281,0.00378634403390057,0.0421372904276759,0.0270976176580436,0.0175836556089254,0.0222213139731018,-0.0358699691351945,0.0110549681225116,-0.121115417414799,-0.117561187605652,-0.0775011440747468,-0.0808151495866163,0.0146258505426233,-0.0653663739884121,0.0569704256967172,-0.0082252156675073,0.0296671788492782,-0.0786271439089339,-0.155942587877435,-0.107366487385696,-0.184537718009996,-0.0945103139947474,-0.0337774179831133,-0.00177207783460946,-0.00124328970698767,-0.0661445763305835,-0.0797392562079575,-0.137511157535103,-0.125211048444669,-0.157025519586812,-0.104819842344556,-0.169773116130753,-0.141614279723123,-0.100882326922307
16,0.000992881739936634,-0.044358576951149,-0.0230124495504027,-0.0206998128354381,-0.0374369822494567,-0.0214152999227051,-0.0437118676541006,-0.0271848933943537,-0.0557568685973621,-0.0242451494289817,-0.0351493453561185,-0.0277404330204368,0.00206827688261233,-0.00623245003403116,0.01792878489303,-0.00156238108467016,-0.00463115857080752,-0.0108377893386946,0.00875069205951619,0.00343021151599602,0.00131066524905166,-0.0231803962545981,-0.000536648044517994,-0.00021371473124257,0.0123272575861692,0.0348856784964664,0.0104661638149901,-0.0144719122574256,-0.0354092956361337,-0.0371095304057303,-0.0364021039271318,-0.0485487818913246,-0.0128658093742946,-0.0182202046272329,-0.0136054819982746,-0.0129760270887098,-0.0149053139219241,-0.022689929892709,-0.0646703015755064,-0.0585906289521167,-0.0778500766835265,-0.0280475739741103,-0.00498137155442621,0.026273527748392,0.0341935817043793,0.00374636010011183,0.00474159928490612,-0.0177630836564887,0.0104863279231727,-6.84966229758265e-05,0.00246160906499428,0.00938584218518856,-0.0169389917752339,-0.00575886585007642,-0.0280762790541427,-0.0484365100581425,-0.0615809894973518,-0.0674310675167004,-0.0389148048466988,-0.0428298555705003,-0.035996077039187,-0.0518643623821387,-0.0650121674915917,-0.0730496303958567,-0.08672985957822,-0.0368150430513639,-0.0460856906085366,-0.0230759193715044,-0.0320301386636273,-0.0461918107314759,-0.060714535025268,-0.0588077697578831,-0.0305024894829789,-0.0555285892115481,-0.0224387969797238,-0.0303303704910628,-0.0231657295879345,-0.0132163055789504,-0.0235019958971811,-0.00805096661397926,-0.0218040747133392,0.0090419233144278,0.0109145903989192,0.00934370437668894,0.00815096717239863,-0.0180413670553724,-0.0276619898842776,-0.0475878596188003,-0.0241374945040442,-0.0240303878711993,-0.0138468567149944,0.0353274792486808,0.0183034198098676,0.0387839100711491,-0.000518710682563031,0.0137052233025003,-0.00404231089386191,-0.00289814365417015,0.0301293595420284,0.0250938784528078,0.0418262078295488,0.00996044968543728,0.0122603030594402,-0.0108705421707866,-0.024748957687451,0.0149055183320779,-0.0151748695300037,0.0180969276798682,-0.000777753209607866,-0.0113718450782317,-0.0115016178195531,-0.0282052404556512,-0.00185829144858193,-0.0195274496594514,0.0258780018510842,0.0156076069431995,0.0195435661022759,0.00236468691020913,-0.015427244982443,0.000278425606208364,-0.0214214962519297,0.0151948667476061,0.0145589216922537,-0.00187057078158448,0.000914392661125318,0.0121900499029393,0.0286535190765772,-0.00367363168024639,0.00119050984644951,0.00269510598102433,-0.00382817818829399,0.0127093258718671,-0.0168017841273735,-0.00926020951747535,-0.026864771711805,-0.0204095982392241,-0.0167862115183281,-0.0180616539765924,0.012060218693165,-0.00410438747995874,0.0237194874360926,-0.00994961492049745,-0.00501163212374935,-0.0325258911655978,-0.0277041505987127,0.00772844367435551,0.00812500243233923,0.0331828668199494,0.0077602150307583,-0.000978873378378743,-0.0188658873455747,-0.0436433442012672,-0.039897623840362,-0.0268380313914753,-0.0103513047206866,-0.00079485298867319,-0.0124510414448016,-0.0111317509851935,-0.0376058877868908,-0.0351998289597043
17,0.00559422785341784,-0.0493226649246124,0.0769570295254256,0.131176721526348,0.165571379378087,0.218468342378774,0.0854187018987258,0.0193755417986261,-0.0946716066486263,-0.0288302552923659,0.116364861328737,0.162055889615402,0.368650159418927,0.212966793138015,0.174913249468165,0.0824200567996859,-0.0267598302922979,0.0554874643331884,0.189457028903657,0.131359899984035,0.170339348503655,0.0531738675807382,-0.00730226429874047,-0.010842739478347,-0.0426811861296907,0.186619092233756,0.100883017139657,0.244363796003402,0.249319629830519,0.111510618052111,0.103513619107918,-0.035092825232796,0.0228919252625294,0.059242427101655,0.285833517016682,0.284220655711141,0.200259705166411,0.173436057151333,-0.00645014633614747,-0.0184373498570469,0.0101732184566371,0.121890269305845,0.180984193782238,0.229736943450182,0.28533945368581,0.0984295873101549,0.095187848739032,-0.0136372220145761,0.0529305876914911,0.134178695328072,0.194602581077954,0.313031976611137,0.134194082000776,0.177000744086658,0.0308388681127449,-0.0588239677027629,0.0397716301444145,0.0912032565704382,0.17568931007499,0.206996140366078,0.265868974961978,0.0725874825905392,-0.0231684117113236,-0.082131515890377,-0.121545458797317,0.0537904585088502,0.0979160106734769,0.259174424993939,0.198210044584721,0.112295102162515,0.146621801085696,-0.000677579933884558,0.108883294783144,0.103991468052871,0.240270360508607,0.271279358484418,0.198167063880449,0.170764022810619,-0.0263721231611786,-0.0151286298356435,-0.0568920118170701,0.089708130225373,0.228332990259719,0.198545273246558,0.213570945617162,0.0400346601879398,0.0118272956458087,-0.0752256692768389,0.0397498738662569,0.0859170445445712,0.0538202434407718,0.216148764085997,0.104142862419176,0.109426330120468,-0.11043367829603,-0.142156798733564,-0.104018223904057,-0.0614728377490573,0.154078762983204,0.11381464695521,0.155197744073119,-0.00449823974389199,-0.0669546527728484,-0.0578961498218331,-0.0603948460751838,0.107118424103366,0.115210646622846,0.165351536121221,0.153533473177008,-0.022378554588548,-0.0789369109187433,-0.167130627646654,-0.0727710926651944,-0.0701049532200398,0.12761849043884,0.155412802237394,0.10359335885208,0.111233002460634,-0.153012815724794,-0.126190582610221,-0.155081819771507,-0.0592364263730316,0.00755493464179369,-0.00598166343777197,0.0259920922176747,-0.206129619737647,-0.167053290405461,-0.24345315212935,-0.175096888832454,-0.105872684381146,-0.0587033506774304,0.050555426099191,-0.125135532499887,-0.185933356458861,-0.20043930763873,-0.241899910739349,-0.0917399736328919,0.0418186150972373,0.220222431629064,0.143406929114416,0.207821988652121,-0.0178663091165586,-0.114639094446829,-0.172659087608227,-0.203891692876548,-0.00139568765349102,0.000424009838373486,0.0613668615923839,0.0516067458759599,-0.0874963889007879,-0.151479897680554,-0.211101335648629,-0.0673442423109915,-0.0188311360716737,0.173426899953612,0.202494532376386,0.161915034268708,0.0353487968624729,-0.095294209649376,-0.0281673344221042
18,0.00122376249447121,-0.0210017003954868,0.0215250418403753,0.0584797582194668,0.0271113619489592,0.066761271732464,0.0404464106119971,-0.0153307673498038,-0.0207058719401208,-0.0630556089849316,-0.0339205722437474,-0.0548975043696048,0.0528805956717367,0.0507327297291457,0.0784291675379392,0.0499356010766916,-0.0302256935875983,-0.0257918169846772,0.0746276455039404,0.0593411800848715,0.0470014205971169,0.0138051865117399,0.0064452417346509,0.0104644857457962,0.00951375135400492,0.0733171660532815,0.0306201832121325,0.0781571608277608,0.0616068877310655,0.0491369268021798,0.0418614703502384,-0.0161468696957053,-0.0189966038016825,0.00955352810769227,0.0547004193524201,0.104585819116889,0.105714951807448,0.130995978650879,0.0609933688121537,0.0248777552159472,0.00398587864196322,0.010494135067866,0.0428043201257946,0.0553167250304126,0.0841626705056306,0.0542546906042928,0.0719132808041236,0.080292474806606,0.0754950629799534,0.0994739847031881,0.0801752490411946,0.0774301878449352,0.00997693230426291,0.0357480416107031,0.0107152170603967,-0.0626116675388567,-0.0150582525455177,-0.0338620725159745,0.00770029861055051,0.0439004335102104,0.0714674576647111,0.080314282075594,-0.00819756940354704,-0.0164196930533631,-0.0861638581871184,0.0214883964575382,0.0289216280860782,0.0608845020524017,0.070076292225178,0.0392482190366947,0.0546803932420108,0.00277860321997923,0.0672624687541541,0.0258102573869702,0.0560501253825518,0.0591080606952454,0.0420469427841586,0.0440490077072525,-0.00616628820824229,0.00508502848940236,-0.0130141113046227,0.024176161127867,0.101631339580572,0.101596999294314,0.122597981491337,0.063622317797465,0.0380921157453275,0.0142433515677907,0.0172440120226415,0.0435277110385428,0.0227233720510254,0.0407838050946834,0.041932346560251,0.0905513141395579,0.0380778869255111,0.0259924454760417,0.003071466279165,-0.0349299410288701,0.0302541031608995,0.0406233296475463,0.0765397583006216,0.0309452827720391,-0.00255576074190171,0.00209495489671699,-0.002912203651135,0.0774935117671458,0.0639686583311119,0.0738690881302742,0.0698067922162138,0.0113861040818237,0.00105089361629693,-0.0455886651567374,-0.0324174175788568,-0.0316537596043421,0.0130208902456369,0.0675709612873574,0.0600686144675668,0.100396039712773,-0.00496145172488258,-0.00767723507807419,-0.0551359760191442,-0.0468762405579323,0.00954464382958109,0.00182936404243016,0.0540204530690346,-0.0100099219602567,-0.00541596170807981,0.00148450295631834,0.0376363559435963,0.0876732101320987,0.0640746862875377,0.0919597054419309,0.0644063601970958,0.0312927715341923,-0.0857971197196992,-0.0802678934206309,-0.0490685691091168,-0.0107638713945073,0.0631435270038508,0.0629218425248616,0.0944542573343798,0.0345474227320554,0.0225672691251471,-0.00676794799226141,-0.0454643936191613,0.0017934364438408,-0.00472079221125865,0.0283462338196444,0.0820425812727913,0.0407303800927258,0.0481538752782182,-0.0319270532229162,-0.0324235533920561,0.00603121402767481,0.0271870747048238,0.0687864909810911,0.0231060146251517,-0.00685512617775765,-0.0529041313674461,-0.0368855689908141
19,0.00632953096211727,-0.00520961037597107,0.00533019933363361,0.0461167436006296,0.0123104225715622,0.0750684806933605,0.00586462629168854,-0.0328414271330561,-0.0402837017818702,-0.134921256590766,-0.0771887194493393,-0.153288216310893,-0.0451298075163281,0.0158381089254469,0.0494115212279137,0.0630713784247641,-0.0578256242767185,-0.0698974739128987,-0.117320645598941,-0.0320518980004237,-0.0117552935374483,0.0107009376325368,-0.0740132958830298,-0.0672635148691124,-0.152265178444249,-0.081636503456881,-0.127625404320226,-0.0941903352586351,-0.0321111915249588,-0.0779793431051678,-0.0268680577873926,-0.114951213026927,-0.05012899891916,-0.0755355842782532,-0.08559335120264,0.0054577077115481,-0.0276891450903834,0.0319355117743697,-0.0245729263081701,-0.0957269533502713,-0.102686243250704,-0.0962773019894706,-0.0261311186730423,-0.036616263916449,0.0468324187709196,-0.0263416620693574,-0.0158557144750487,-0.0235798038223596,-0.112499528134794,-0.0363756957073492,-0.100582123104781,-0.0224612976128412,-0.0373043253625145,-0.0201578299656027,-0.0222119316138019,-0.140683311332905,-0.0985222576950309,-0.199663491630573,-0.168316609910628,-0.139402969444793,-0.0580227549560632,0.012192303722416,-0.0659674822316273,-0.0626150818242455,-0.167198722522173,-0.0945152713175075,-0.0401453216369529,-0.028216143649894,0.0709217831012911,0.0249734288688656,0.0832853561224293,-0.064534640199674,-0.0356923976829333,-0.0748843456365882,-0.0517681124748448,0.114636583079638,0.0487476140939204,0.129291904234012,0.0625989061902955,0.0224619581244727,0.0111184420533258,0.00197733904475749,0.120463644112433,0.0984320674041475,0.196105656824608,0.131158266021882,0.100042172604779,0.0661273302259401,0.0254325522883117,0.112755489968141,0.0622901029453956,0.11010861740076,0.13049441194452,0.16983253206198,0.103720854472181,0.0811935691543972,0.0809665357342563,-0.000240824970671057,0.122163790056642,0.150548131913901,0.184859083229874,0.160781401303325,0.0973678062175672,0.115903591990931,0.0492617953941129,0.0970513451567208,0.111963884157526,0.115596344756144,0.199330580728713,0.151691723123113,0.158768450656292,0.0662443007722534,0.0785798436507854,0.0790928283485481,0.0888369059144424,0.197591712737521,0.106502990413639,0.211085451360788,0.0914394465151358,0.0725650666246569,0.00694630525893782,-0.0506145453878549,0.0755312289170346,0.0679827498367993,0.198747171745628,0.135208492676446,0.128796944267192,0.0804762967340124,0.0282668665826336,0.107550855071432,0.0672037656159671,0.138284586617307,0.166969830161633,0.130781615025804,0.0349888182799679,-0.0321397376974843,0.0108206346658773,-0.0162343216008016,0.0844244642425769,0.051376739523574,0.0716032851948976,0.112393578909281,0.0408125902862327,0.0693756588865732,-0.0189594120082086,0.0483872678819586,0.0170676404711567,0.049075302375035,0.130792257547572,0.0492162687552737,0.0905207007348742,-0.03473315013862,-0.0300615216892833,-0.0336857626690327,-0.0148259174373958,0.0674931729861943,0.074261667539119,0.0836550025563516,0.0295685494168967,0.0235246606407493
20,0,0,0,0,0,0,0,0,0,0,0,0,0,0,0,0,0,0,0,0,0,0,0,0,0,0,0,0,0,0,0,0,0,0,0,0,0,0,0,0,0,0,0,0,0,0,0,0,0,0,0,0,0,0,0,0,0,0,0,0,0,0,0,0,0,0,0,0,0,0,0,0,0,0,0,0,0,0,0,0,0,0,0,0,0,0,0,0,0,0,0,0,0,0,0,0,0,0,0,0,0,0,0,0,0,0,0,0,0,0,0,0,0,0,0,0,0,0,0,0,0,0,0,0,0,0,0,0,0,0,0,0,0,0,0,0,0,0,0,0,0,0,0,0,0,0,0,0,0,0,0,0,0,0,0,0,0,0,0,0
21,-0.00028909364051988,-0.187372322758312,-0.188725492532415,-0.135978009554637,-0.11660726159544,-0.0341120688528891,-0.0622371170151998,-0.103378442734651,-0.152608551393138,-0.2313075285894,-0.234265280904706,-0.273292427812518,-0.0485671940504564,-0.0218493389701948,0.0862903818459958,0.0655896792530744,-0.0621324792428201,-0.118594274574718,-0.194244073217851,-0.0786987775366389,-0.0801918812650833,0.0652896811886578,0.0799837860033974,-0.0212994781858418,-0.108126596831669,-0.0538034909343012,-0.174205171750525,-0.045874472242404,0.00838393390919543,0.0118673318565323,0.0562461936842522,-0.03351227130797,-0.016042732043249,-0.077954443817745,-0.0440436811019009,0.0494470941018431,0.103494323852949,0.205345158556428,0.122671734791664,0.0300589852440601,-0.0953982878281394,-0.146271646939452,-0.0925986603665298,-0.0298034494245452,0.131247352076038,0.144403244250382,0.179008321710328,0.0863771297721661,0.0298257071453276,-0.0177289079488347,-0.0711586616525358,0.0133690266654013,-0.0352366357384649,0.0968801882540643,0.0614917532508925,-0.0440075438500276,-0.0219729275484671,-0.169456358270382,-0.108533419122958,-0.0557530912189768,0.0580323776037578,0.123384941862901,0.0265693905629598,-0.0362914748054267,-0.208100149035569,-0.162147688235345,-0.143528700980779,-0.0244770103650101,0.0732119683833483,0.106766271552491,0.116992635732732,-0.0581159697394884,-0.0470324034582523,-0.185710396038889,-0.107139256950558,-0.0521530771325661,-0.0207812840225232,0.0917911635994335,0.0115135960534296,0.0116321191613144,-0.0908164332472197,-0.0810500648560956,0.00909489894812281,-0.00258246377741154,0.13325379005806,0.107837437821614,0.0873467404858383,-0.0199968994617935,-0.0459399153059336,-0.0699497651385025,-0.12289167366591,-0.00525761634642524,0.107634309329719,0.215499333674161,0.0835781515786178,0.0373493753612659,-0.0639814345315542,-0.169837935364499,-0.0496576672909643,-0.0287270509564358,0.0879572280825844,0.0853760515319133,0.0578155483538392,0.0520771347083189,-0.0571678283821806,-0.0260629891666737,-0.0663349047511546,-0.0246432389101519,0.0592686353615388,0.0262760244299199,0.0528317723103853,-0.0570185080417755,-0.0643057232398193,-0.101298491337972,-0.0413832414625219,0.0510306698465987,0.077210378597896,0.150251603155622,0.0157568177514627,-0.0164571577584097,-0.194303963251615,-0.20548823977845,-0.0833277201538384,-0.0552745956743062,0.114605419000036,0.0814851560190747,0.0956784315664918,0.0375658515652867,-0.00823754174162188,0.0149763847887434,-0.0157768897649425,0.0606344721382741,0.0609740323049434,0.0952229809033053,-0.0442949630421015,-0.102905891961007,-0.0965617598091722,-0.135098875472966,-0.034507078124778,-0.043649491063581,0.0760420623538871,0.036854343498948,0.0451669691746571,-0.0628826829678295,-0.221931956030171,-0.140244157872014,-0.177868126204745,-0.067875385161018,0.0495032678803112,0.0130754800898401,0.00755265490346288,-0.134613040283288,-0.164460947408068,-0.229554891610163,-0.238081788722827,-0.158083338478652,-0.0963153942399495,-0.0967956075467209,-0.117072042619697,-0.120083438068466
22,-0.000320412393321243,-0.00117191300293471,0.0190740683323061,0.0119431879073213,-0.0437944968173739,0.0312035740137034,-0.068500485965003,-0.0686904035100324,-0.0985389812497957,-0.106708391047038,-0.0712656875291239,-0.146541814478392,0.0153088049252662,-0.0433682288802142,0.0626049622954393,0.0604964537023817,-0.0133729911674742,0.0272929593763083,-0.0339657743938401,0.0837075317968444,-0.0190293249356678,0.0209417026765759,0.00211218445371112,0.0255743053201576,-0.0526233940015047,0.0496856686525438,-0.0729477362347906,0.0208218148287734,0.0338829287938329,-0.0130377351525175,0.0667478745601179,-0.0167878260241559,0.0769029920924043,0.0639599979411925,0.0984291587627823,0.10272406485597,0.0709363448013369,0.156397659321128,0.0570700474839043,0.0927112131398426,0.0276643290854134,0.0399320929789725,0.0387478030265053,0.00709250075135623,0.134066590768135,0.0550837461938829,0.142141609488606,0.11160366026619,0.0968436961383018,0.110472535859443,0.0817495270294421,0.138675900588678,0.0112284125910296,0.100944939556301,0.0159891358797702,-0.0462306925239437,0.0395860341711189,-0.0564101054523103,-0.00276689898073085,-0.0330307460155993,0.0301002520355496,0.059242742600823,0.00354367479185153,0.0229367256099725,-0.107824704483193,-0.0307485483291003,-0.0746889977306526,0.0125582098864451,0.0309047752159307,-0.0364244678911736,0.0501183563225854,-0.0681978600654552,0.0183026512720621,-0.0621700062348232,0.00516717563292587,0.0244923925167481,-0.0117645151404043,0.0692223243777605,-0.0429600106568642,0.033910600386998,-0.0544356915741636,-0.00054768719968887,0.0538905765030618,-0.00664538153147115,0.101742549127973,0.0387496247212254,0.0985357327866134,0.0363741363292562,0.0123222583643927,0.0286599090613737,-0.0356947802244185,0.0180583378768572,-0.0133756189928427,0.0919771641371462,-0.00759938959720489,-0.00879067112680754,0.00525594168007114,-0.0717502816285615,0.0148291825979498,-0.0153457952084688,0.0484358018642449,-0.00375107023390546,-0.0108607935169057,0.0369787916835363,-0.041209008627563,0.089662793001702,0.0293534779383885,0.0815618077798235,0.100199565083966,0.0111091815021593,0.0894823101726153,-0.0102403239321556,0.0567148045217649,0.0356243336629435,0.0779549075875593,0.121891546971767,0.0802553350323317,0.155626891016279,0.0117249046375632,0.0882409010323082,-0.00832224534691659,0.00386024279127667,0.0680659462978834,0.033219340626647,0.142906214405455,0.0419715702565409,0.104637584804654,0.0820045881777328,0.0938110192200515,0.162017400615967,0.103891884837048,0.169207790878516,0.0678448016557327,0.0883926156965155,0.00347792252922431,-0.038125750138361,0.0539873774229091,0.00243853977929542,0.117484971796926,0.0349294986528826,0.120792679571074,0.0644542378997663,0.0438329286894903,0.028626595328077,-0.0610553501092877,0.050279419175531,-0.0502129511114547,0.0171400043043945,0.0375609524410367,-0.0458351205737375,0.0337413122180078,-0.0797967283028498,0.0073832079546649,-0.00294207124888599,0.0212287282700491,0.0327668736666795,-0.0125826015791427,0.0077604058680949,-0.0545104709753718,0.0301416780219064
23,0,0,0,0,0,0,0,0,0,0,0,0,0,0,0,0,0,0,0,0,0,0,0,0,0,0,0,0,0,0,0,0,0,0,0,0,0,0,0,0,0,0,0,0,0,0,0,0,0,0,0,0,0,0,0,0,0,0,0,0,0,0,0,0,0,0,0,0,0,0,0,0,0,0,0,0,0,0,0,0,0,0,0,0,0,0,0,0,0,0,0,0,0,0,0,0,0,0,0,0,0,0,0,0,0,0,0,0,0,0,0,0,0,0,0,0,0,0,0,0,0,0,0,0,0,0,0,0,0,0,0,0,0,0,0,0,0,0,0,0,0,0,0,0,0,0,0,0,0,0,0,0,0,0,0,0,0,0,0,0
24,0,0,0,0,0,0,0,0,0,0,0,0,0,0,0,0,0,0,0,0,0,0,0,0,0,0,0,0,0,0,0,0,0,0,0,0,0,0,0,0,0,0,0,0,0,0,0,0,0,0,0,0,0,0,0,0,0,0,0,0,0,0,0,0,0,0,0,0,0,0,0,0,0,0,0,0,0,0,0,0,0,0,0,0,0,0,0,0,0,0,0,0,0,0,0,0,0,0,0,0,0,0,0,0,0,0,0,0,0,0,0,0,0,0,0,0,0,0,0,0,0,0,0,0,0,0,0,0,0,0,0,0,0,0,0,0,0,0,0,0,0,0,0,0,0,0,0,0,0,0,0,0,0,0,0,0,0,0,0,0
25,0.00477561778990145,0.0454764638921695,0.0581840633413691,0.0295885445103182,-0.0536333578074558,0.0496441182228609,-0.0585737518125171,-0.0183894979379498,-0.0410932230933218,-0.0133740444928056,0.0673449368120991,-0.0510384985427434,0.13090822590115,0.0133190291373596,0.12163376345352,0.122527554585973,0.0567891999523696,0.050372733103919,-0.033836889915628,0.117269920970301,0.0246596433726874,0.0882501144821793,0.126621407130833,0.12916076845251,0.112544889023819,0.134092876821679,-0.0513645069234754,0.008497208216169,0.102847555592674,0.0230047346003234,0.113134811208424,0.0413566179422768,0.148086570015066,0.0966175947201956,0.134924829723414,0.153450480399866,0.0718894487461004,0.179558317953021,0.0682714352557445,0.0761988390175574,0.0220386225881174,0.0375534486141994,0.0729991707755963,0.0604497435170163,0.227220041736863,0.107784440667695,0.20664976627805,0.142148863221196,0.114028554858429,0.120616593981915,0.0102755572445435,0.0877278218386909,-0.0484001813777315,0.108362100779877,0.120829163069878,0.0235006282027496,0.135176558644538,-0.0309631195219221,-0.00227343067125126,-0.0753046105910279,0.0584805009734536,0.0642369511305806,-0.0251343022603667,0.00955716642225772,-0.122181655303372,-0.0278767648024621,-0.0927677256312212,0.0357816028539772,0.0662441653045975,0.0781500222644311,0.168692259547285,-0.0248113410692715,0.0825638777834956,-0.0706051987976299,-0.00108461175403336,0.0299428832739468,-0.012897926762493,0.118023876849647,0.0233916996120437,0.092947343926735,0.000463015629552651,-0.00842566328154885,0.0769011125486354,-0.0159877942934762,0.0601276809867316,-0.0321174777191402,0.0263475596576692,-0.0100137286638591,0.000591122108381312,0.056395639869749,-0.12221187917986,-0.000807212736566374,0.050161165356616,0.173152612345777,0.0154068108464898,0.000342263348038361,-0.0312238868795039,-0.139898381817608,0.00721374621379842,-0.0308181868240071,0.0540137975495853,0.0284577959942368,0.033667142346663,0.124010104182024,-0.0254131282474768,0.046087790951422,-0.0624080110111567,-0.0595591577279269,0.000796042018931849,-0.0982746621439662,0.00652268254706145,-0.0781578114745788,-0.0138632658620364,-0.0678240601028592,-0.0126755726162861,0.0208391226257266,-0.122619037646202,0.00648104045639027,-0.177376966753202,-0.107708757364373,-0.163712921196114,-0.129070587920152,-0.0575098797821224,-0.105822819237456,0.0521451356041911,-0.0490411436448792,0.0387264429611561,-0.00292387362262319,-0.024133375875818,-0.0336947584232374,-0.108861224704338,-0.0128134646811962,-0.116978469880837,-0.0614247553140318,-0.162435786108201,-0.19689671372336,-0.123198250973676,-0.180451532721034,-0.0900756439309511,-0.149989837432712,-0.0520401758652368,-0.106981972499313,-0.129589666872412,-0.0859037643179435,-0.238922410835509,-0.120232869863424,-0.159089446596871,-0.126308265106072,-0.0155745332614699,-0.0628171891669591,0.0264614939488572,-0.122333994320879,-0.0793801477405442,-0.139721118348904,-0.109979520359818,-0.0767000033789202,-0.0524134737056312,0.00187061114719308,0.00676911630191673,0.0985630722682081
26,0.00521283490488734,0.0578124391782288,0.123671212942559,0.148726428261419,0.270003327279905,0.245202647216169,0.219185335375864,0.129806225553447,0.0454835874360593,0.0750689505379357,0.0316409519063157,0.0519681341626328,0.162635058913715,0.130612595182942,0.185396484464533,0.164262951377312,0.117133453309876,0.0010390414009751,0.0407820919645915,0.206788044769372,0.232144830402121,0.185764119902581,0.186511659696293,0.0951672768864233,-0.0918299420080403,-0.105089447919013,-0.0326073421315305,0.106975464549167,0.143989139411651,0.198576395051178,0.136409982232415,0.14200166683711,0.174045508698534,0.129864225400851,0.276952698278006,0.28340625681666,0.325986360858807,0.309035346426597,0.277181255233354,0.18165095085834,0.125949559784018,0.205257538478565,0.205141579624272,0.352096856815484,0.375971161241429,0.34549622596552,0.284961121300983,0.172326354302697,0.205554299117203,0.194159846090086,0.322791297661779,0.369867333557041,0.323124052737485,0.314634009013948,0.232089723787195,0.0562489314513731,0.0258229240050422,0.0154616076890133,0.0434416815416886,0.15793034812661,0.276023189904136,0.314128687170043,0.231247745298065,0.116274937357167,0.0837295368869941,0.146754755634831,0.249762606438791,0.317750011558063,0.279025697370497,0.293391831865012,0.14461904455058,0.0855190120699786,0.0673075479238324,0.0627985727353112,0.253862695489636,0.331193098529499,0.409184688817948,0.322045013016453,0.219149928801634,0.163107850633343,0.112599812995639,0.230110215512643,0.362158150104853,0.369937505817565,0.409094008441686,0.383046297091644,0.277425486762191,0.168955079689599,0.162849880854132,0.200688584588052,0.209645359508758,0.201480425011824,0.323522708645264,0.316594220693271,0.128495631237819,0.164691635983402,0.0585888855462104,0.144357784910667,0.20913439679261,0.302754470582022,0.373865487347557,0.164061075430534,0.0932598619060859,-0.0363129548859684,-0.0463446291107758,0.0547890072869666,0.130870611384525,0.279425086400578,0.322126428283237,0.273652922543387,0.196540168538735,0.145979519562704,0.149237082929173,0.190505083443642,0.226387356051821,0.275659126828877,0.239549684922944,0.28515267611469,0.204366646749731,0.129734533121414,0.0516397924190012,0.153747680605446,0.249861804635233,0.337619438997138,0.346755300131151,0.310351792803814,0.257338811954764,0.158460962927226,0.245637967008354,0.245653911116259,0.330867938045615,0.406363529900362,0.381886571782044,0.293987984256486,-0.0235683365903162,-0.111962556441547,-0.165221517365334,-0.0742811920922281,0.00720311711177573,0.00469175446268175,0.0798930926961959,-0.0528937361433068,-0.0107441286678989,-0.110524307025736,-0.204272705265567,0.02228130380283,0.0623352357348089,0.0534130171870844,0.0677590138368958,0.0210234902950482,-0.0805817056730358,-0.244555438824335,-0.267908447614043,-0.216439162994964,-0.113337544737046,0.0103768952459258,0.217685760140555,0.0591779092590871,0.0367832981084491,0.0388579570479724
27,0.00335724025830795,0.0554212919999912,0.0846642410469965,0.111992162756335,0.101107923428039,0.202372731102255,0.172027733836084,0.153911376781732,0.0997677793548468,0.00117745448184833,0.0462887210612603,-0.0427711723922812,0.163577886630542,0.144491527158172,0.252084471629668,0.247161152485529,0.121445510607078,0.106938122669216,0.0320205948979769,0.16053309739444,0.16505396587408,0.248694300791541,0.256942249458932,0.260119535328679,0.209964377849518,0.0622866711332842,0.0990712447551661,0.126985341417092,0.223762305303126,0.255838565118526,0.288269213865868,0.171932467490209,0.176295052175528,0.140392575091083,0.140537674846187,0.25399850185879,0.23278335098768,0.333261557700025,0.275583418470912,0.273282926205128,0.183249875872245,0.12314728988047,0.135292951741237,0.137066430818223,0.322539293825701,0.27570920094011,0.331549608664903,0.248388376052626,0.198248272425076,0.171444765054484,0.139254459700488,0.225409756083272,0.233826382821063,0.339224250251371,0.300912231489069,0.145208384364173,0.157897604783484,-0.0287763522447198,0.0094749613684628,0.0757591919235392,0.19087247700583,0.273990663818487,0.1883797376953,0.14731539329377,-0.00857973305553164,0.0158468750995982,0.0228487418942449,0.128147684594221,0.214007722101984,0.271238852562545,0.334456262024687,0.148724925618732,0.204076776297903,0.0620043652734411,0.126350407345784,0.229265947156909,0.225960471271407,0.327755105955574,0.243811418643865,0.219602429495803,0.11293342158806,0.0921782699312202,0.194744300374356,0.198661568190761,0.333959012903476,0.274915851081154,0.318641297893707,0.261450589759663,0.199967857691297,0.201919771805071,0.141393886854326,0.18835906065933,0.290415379610998,0.429208005263992,0.304268965598102,0.26235007110903,0.20702374365044,0.0971440527912316,0.202368247617536,0.244999820354847,0.365782126757702,0.346542124960165,0.294291423973508,0.297070533182335,0.164317424927977,0.230532758179467,0.195506763144521,0.239269137234871,0.341359994504021,0.305964253546686,0.337847109972174,0.23821889357692,0.240656696024824,0.170817326823964,0.192850972292959,0.300312714699538,0.284473071456771,0.391901148073441,0.266372532279572,0.253553927524535,0.144678843988094,0.171774067030799,0.258492100942307,0.236318916057162,0.367158254455098,0.324347719884091,0.353531131889814,0.295350096845736,0.260189836568653,0.275248913698237,0.210770588851956,0.339808028682341,0.383088385321069,0.398256809470943,0.225825327284689,0.124953063528145,0.120961961783306,0.0511792391015031,0.162089642735413,0.148671517754213,0.253474211394246,0.23919579711343,0.228765849279012,0.174156036295875,0.032412935744898,0.0630693437049324,0.011007722804757,0.0455067702806134,0.162046031532996,0.105767470658899,0.168381854472112,-0.019702785783328,-0.0275276098916181,-0.09497124015823,-0.0377695840780726,0.0225081010762224,0.0882865642937167,0.112195318836454,0.1054000252224,0.131024589454626
28,0,0,0,0,0,0,0,0,0,0,0,0,0,0,0,0,0,0,0,0,0,0,0,0,0,0,0,0,0,0,0,0,0,0,0,0,0,0,0,0,0,0,0,0,0,0,0,0,0,0,0,0,0,0,0,0,0,0,0,0,0,0,0,0,0,0,0,0,0,0,0,0,0,0,0,0,0,0,0,0,0,0,0,0,0,0,0,0,0,0,0,0,0,0,0,0,0,0,0,0,0,0,0,0,0,0,0,0,0,0,0,0,0,0,0,0,0,0,0,0,0,0,0,0,0,0,0,0,0,0,0,0,0,0,0,0,0,0,0,0,0,0,0,0,0,0,0,0,0,0,0,0,0,0,0,0,0,0,0,0
29,0.00334173049171004,-0.1520234739752,-0.16275874867441,-0.21577729173088,-0.136003569286484,-0.0509714309140916,-0.0885926349433008,-0.110219530820976,-0.155752353822196,-0.236450002172972,-0.268520144083691,-0.30790100259439,-0.0753817053952004,0.0059789644693234,0.119518382919886,0.086779253561497,-0.0577590029266996,-0.174807071900579,-0.277081563628743,-0.0919654153685651,-0.0816093974846799,0.00686873744437937,0.0608176495820808,0.0928468970199312,-0.0390922916862703,-0.145736874644604,-0.0812071725043204,-0.181917456286371,-0.0342874390929165,0.00910697196229242,0.0455779051092821,-0.0261874630355829,-0.0106389353993784,-0.0621868001502543,-0.0420683355996268,0.0364993905290885,0.146146128949699,0.269078815684692,0.173963831069463,0.0316996578846903,-0.146885823402119,-0.23569970672592,-0.158349472751217,-0.0243302709480608,0.167591867345357,0.184009932644754,0.254860881626212,0.122346548387249,0.0417588882065762,-0.0438278722501939,-0.100661035975582,-0.0412641780720628,-0.0825054663509616,0.0669559745047388,0.0472587048952148,-0.0282374873674157,-0.017124056345992,-0.167467242341771,-0.145796900537465,-0.0506204103075749,0.0768547681252875,0.185641479208674,0.0783510852225218,-0.0507031790721178,-0.239270634846529,-0.242165001827652,-0.166522940816076,-0.0391644951528671,0.0898728626661377,0.153110417224976,0.16470682417585,-0.0583561656451582,-0.0584619467659126,-0.207530612012322,-0.159683277767894,-0.0842593752148648,-0.018605659943542,0.0756781521856078,0.020589876018352,0.0507233899330725,-0.0829530368330305,-0.069494910511626,0.0254458592992703,0.0422169806354106,0.173310952981177,0.143684963749124,0.125329164669611,-0.0102960924557285,-0.0361942584811123,-0.0304545984868837,-0.100028090306858,0.0292830560380111,0.198069277263268,0.338537543277045,0.144946477064342,0.0751942747812987,-0.077986972949932,-0.172819283289726,-0.0701040477746857,-0.000272296171412702,0.159745123613811,0.139930542482796,0.162709333577244,0.132445523138992,0.0033290602258906,0.0240895670131593,-0.0373250838079464,0.0124942222461622,0.153763783092737,0.117574203311654,0.109747599842439,0.00607813760232254,0.0346638508272327,-0.0149478156247662,0.0587463675231654,0.168452843972054,0.179425966387721,0.29527870238257,0.130454101180907,0.0936323846119806,-0.149009805251306,-0.164334015178496,-0.0403282108879161,0.038282522722992,0.224409047183013,0.225756642869503,0.231164049194664,0.14253196416507,0.115948243865535,0.0953362131366992,0.0725382745450791,0.13170188637539,0.171511208640993,0.173296136225911,-0.0193347154793551,-0.0544623991816164,-0.0245012326136522,-0.0527270167847549,0.0244178219395117,0.0584899423057397,0.190847085900244,0.146797564260067,0.168673092675302,0.013010826365164,-0.206974367145717,-0.0821999027805456,-0.122050018474314,0.0430528251558481,0.173715246622377,0.148152376679317,0.135195531346343,-0.071715185109212,-0.149476570239877,-0.246920133874425,-0.250610616063598,-0.148881306557066,-0.0630259105606358,-0.0901541196859039,-0.0910204202453223,-0.11581112073833
30,0.00745196302740703,-0.123504887926095,-0.0956089173205474,0.0175422321511633,-0.00788244857649591,0.0886945989523885,0.0389699055851517,0.00304399494832343,-0.0960975503062519,-0.101635520535633,-0.044659294850422,-0.0550887793444394,0.177240072810291,0.0903308184817441,0.120401351197663,0.0649259011010889,-0.0315065578337718,-0.0338996165396327,-0.109254793228136,0.0144327627587249,-0.0132153133786838,0.0548526336773002,0.158056335013696,0.143758471198587,0.0205805647354881,-0.134144782938795,0.0204300338157322,-0.0669712902692568,0.021910605446034,0.124782113908534,0.00247403853727913,0.0101977564879103,0.0264546923756124,0.0167266286923904,0.109215289876982,0.145465699493578,0.127446339817365,0.204882839249397,0.0624654981973713,0.0493874348719375,-0.00306776075923503,-0.0118219548247726,0.0524056701762321,0.051944460184517,0.189505057890001,0.115024516920493,0.121013178248972,-0.0217365462668586,-0.0577965964175697,-0.0766105860750206,-0.0832500400075117,0.122525891015901,0.0337388960979685,0.0953864543213557,0.0471280127425595,-0.0926425893994517,-0.000981334565512537,-0.0502884488889786,-0.0179484125997372,-0.0196592085741115,0.094664984514386,0.100607987265976,-0.00462619907089826,-0.0369792872805653,-0.176844863002295,-0.101088223970429,-0.0469235527078334,0.0999452126815599,0.178560771295916,0.126829417390786,0.146359132906443,-0.0627354335309742,-0.0190848234973268,-0.104869521663386,-0.0051799104235843,0.118950903808859,0.0984432421056568,0.134455891703863,-0.0242492289266186,0.0268208265985357,-0.0513624096577014,0.000297991239201791,0.0857547436794404,0.0235825991555872,0.124463886040643,0.0329710791471033,0.0397551746378317,-0.0396047864464467,-0.0586271840417864,-0.0563586151440442,-0.105523161749603,0.0156882245796168,0.022586743004319,0.0489767039184701,-0.120085491055304,-0.188826533744429,-0.214307746009764,-0.264469501677772,-0.119938497545935,-0.069907892331358,-0.0105972146171757,-0.0770306299141576,-0.0882988731208534,-0.0450773963215321,-0.187254452715445,-0.095859713747955,-0.174451035055964,-0.116022578306892,0.00321563109654369,-0.0828570096446882,-0.141915587951252,-0.173240397889094,-0.133551105750265,-0.170284499909828,-0.0472335586950295,0.0217121955930308,-0.0957542035739751,0.0434738452584088,-0.145039913315274,-0.132475235736191,-0.269414734102507,-0.291439773046273,-0.188164692638248,-0.193426221111499,-0.0760628792052243,-0.168466323867779,-0.219248169778466,-0.30034226328149,-0.308947410407885,-0.312224879309704,-0.370667804037559,-0.183865297404867,-0.310363404838778,-0.299840093004241,-0.45532264060851,-0.500382859267561,-0.404045920951468,-0.359174750403568,-0.323776693599191,-0.260471753818009,-0.135110846872304,-0.244108485550397,-0.269245802698978,-0.26800223970065,-0.448628826773124,-0.218260792440409,-0.241299792584255,-0.120118758363514,0.00343298090683493,-0.105894694127604,-0.143845497719264,-0.199548453810447,-0.203302938709064,-0.184859682603747,-0.104283960316557,-0.0588363944469081,-0.0549547844714883,-0.029227420075379,-0.122134506708795,-0.0716813922529098
31,0.00351959459351505,-0.0119659041006943,0.0851124396505765,0.0733774555650329,-0.0186421644373811,0.00259951975383974,-0.0971599059665687,-0.116556597941831,-0.038962034456498,-0.147991862342181,-0.102309811150822,-0.134321402063862,-0.0228015707492286,-0.0335544869584032,0.0328145820956838,0.103389111048469,-0.015062818064513,0.0410724076047568,-0.0188348008477275,-0.000373834157151542,-0.0620031156031051,-0.069435480375115,-0.0166265545869633,-0.0777785784780639,-0.0614130905793457,-0.0661248615811763,0.0763134185770161,0.0574814068216446,0.0864796519506555,0.12018058615127,-0.025020475299224,-0.0724874547268241,0.0152601208999767,0.0347696547515105,0.0394580623622825,0.169238954591648,0.128483234821838,0.181916896104471,0.114980322243261,0.0867748671215102,0.0466333480419324,-0.0592909658960898,-0.0330636427053218,-0.0195168870222489,0.0870060457516788,0.055650379468996,0.0688972646138735,0.0577747223201498,-0.0466554592193396,0.0224148595086753,-0.011831819048527,0.00541634434823959,-0.12283695939134,-0.150098347439021,-0.12989280736517,-0.285823433681398,-0.200923411661443,-0.259283968062383,-0.252786428591793,-0.245014881708411,-0.0896156794480674,-0.0212456761785947,-0.100868231606215,-0.0930053379732014,-0.160642574808735,-0.150913646089051,-0.247517390203062,-0.207060454816818,-0.17093809868646,-0.248067958604074,-0.104449177194288,0.0357426705720956,0.0932390755818211,0.0349013636159643,0.0397322167993333,0.0728522009420698,-0.0492389131768147,0.0378257617075706,-0.0366790443549303,-0.0153958638098151,0.0254873066633766,0.072665197218357,0.167210931303998,0.121605856251037,0.17541687903826,0.0972576159300977,0.0242644273344095,-0.0049590337729632,-0.0581113579376426,0.0671233339820865,0.0500093003083786,0.12162119898228,0.106781755329028,0.214284080997271,0.17810641660646,0.137182285844062,0.144600996819557,0.0048147394866062,0.0361958977378002,0.0226364657293278,0.115759385713276,0.0557393200312732,-0.0230935712866804,0.0485039942672873,-0.00595759771868239,0.10858574953477,0.18292041566673,0.183448550946147,0.146738284338929,0.00821906113266439,0.0396983771510118,-0.0231347689444833,0.0452576341982687,0.164640290113316,0.125329336616074,0.0947944663390233,0.0654011354788592,0.156493250587928,0.139009026230814,0.091552702480204,0.0673561852757045,-0.0242343658605955,0.0542870468423906,0.0231142543528675,0.126827031125332,0.0942649632181386,0.0611428313444539,0.10903850887246,0.0907469816990667,0.228797985020643,0.154163099318958,0.170681613363456,0.023328500804101,-0.0395281394506154,-0.198404644425678,-0.245884363242242,-0.048756954636039,0.00730801790362664,0.152076846737854,0.0914657776456546,0.100023962416932,0.0584618575592116,0.0440144690520327,0.0296730973255774,-0.084618620563767,-0.0494386516590307,-0.0602453475155569,-0.0827735739057515,0.0317979018414507,-0.0316828006129149,0.0354173897309214,-0.125297135304344,-0.0850317600399352,-0.0642220428476395,-0.13188700119419,-0.0382852663820267,0.0252849926711108,-0.0237285976593941,-0.0989321891381865,-0.050727325645088
32,0,0,0,0,0,0,0,0,0,0,0,0,0,0,0,0,0,0,0,0,0,0,0,0,0,0,0,0,0,0,0,0,0,0,0,0,0,0,0,0,0,0,0,0,0,0,0,0,0,0,0,0,0,0,0,0,0,0,0,0,0,0,0,0,0,0,0,0,0,0,0,0,0,0,0,0,0,0,0,0,0,0,0,0,0,0,0,0,0,0,0,0,0,0,0,0,0,0,0,0,0,0,0,0,0,0,0,0,0,0,0,0,0,0,0,0,0,0,0,0,0,0,0,0,0,0,0,0,0,0,0,0,0,0,0,0,0,0,0,0,0,0,0,0,0,0,0,0,0,0,0,0,0,0,0,0,0,0,0,0
33,0.00221004246672159,0.0789079376694724,0.0471789235559185,0.0245208104766466,-0.00518060910603109,0.0332956548545299,0.0176154385280231,-0.00714617927821115,-0.0427585281522427,-0.0796962434484863,-0.0619395901396992,-0.133221543363251,0.0559874696159304,0.0275543692945227,0.0814196681966951,0.0671074744919125,-0.0361420059571469,-0.118982840835774,-0.167718228999619,-0.0924528886983523,-0.0765155258089474,-0.0418607246982431,0.0600713919646329,0.101955423296844,6.99188038118076e-05,-0.133586103728779,-0.0555707164359227,-0.182629447490609,-0.124053113636555,0.0639975128739623,0.0485530091842181,0.0545127233557886,0.0201421086682901,-0.0285543378373667,0.0526343156460345,0.105957922705238,0.0776279384304868,0.103003784485539,0.0345477285111315,-0.0521857954418664,-0.122644582515589,-0.141646428766721,-0.106395215598398,-0.0477511421721948,0.157875830325089,0.174496749838087,0.176888874439814,0.123700075349152,0.0685165667410857,-0.0537118481032089,-0.0887336155414516,-0.0212607398753419,-0.0117864882023378,0.12067902211748,0.147537935999089,-0.00960082678642945,0.0248336863378652,-0.057067884418223,-0.0776500716268777,-0.030321825784562,0.0755741081133706,0.126232725388996,0.0419456663444104,0.0233073805036668,-0.110497369400965,-0.0783092317463731,-0.104577297920374,0.0256831797310954,0.125191957415311,0.117910875813246,0.149160140844689,-0.00261940886569346,-0.0371850973638222,-0.141881691779283,-0.0375154388745882,0.0317297557258713,0.0818854702459741,0.212414696166439,0.176170957916792,0.164483145920673,0.107591548128148,0.0470667988634182,0.118265910612651,0.115244284157561,0.165238153682385,0.157088052240201,0.143086270031227,0.0906332641188939,0.076455269545766,0.121334480646421,0.0547385216339022,0.101509195275547,0.220059238725878,0.290889736962743,0.171857300512152,0.111876395678004,0.0119046125088424,-0.0884498499300077,-0.0239363528360698,0.0725722672018438,0.179850161950861,0.171476251272313,0.178235283803872,0.190084765608117,0.0776958830248161,0.110234213280196,0.023490626620985,0.0396556182471038,0.147298363223904,0.145165130467578,0.172585670459476,0.151359869671737,0.113295891682065,0.0971241548753231,0.0893434366005944,0.16051825558405,0.135545119093461,0.161127698260867,0.0338958251154701,-0.00261960082594508,-0.0790635123262457,-0.0560029508353245,0.0434533318983234,0.0861146037122325,0.231857159113665,0.216034394416699,0.244433788171557,0.213562373005989,0.169237106527217,0.134408036081217,0.0518591339324956,0.114409708350773,0.159845341123556,0.209870687430706,0.0428705510960264,-0.0405149841737435,-0.0567425718601068,-0.0583356855482974,-0.0138432859526703,-0.00108224979988363,0.0541678835905259,0.0140881410487149,0.0377090644506515,-0.0326671919144108,-0.137190026712814,-0.0835614863195768,-0.0958478224649993,-0.0365737060704865,0.0943909629795459,0.033934833153275,0.0318482348983394,-0.093730124011427,-0.140055208114867,-0.204549905946579,-0.204579989232325,-0.137013775089411,0.0164719357744517,0.0535200512421399,0.0909857748861553,0.113072920703476
34,0.00101317704084907,-0.0235004297937157,0.0338481845154171,-0.0159433840943789,-0.017508782155178,0.00326165073244578,-0.0360047165281887,-0.0440272003221531,-0.0775467742593247,-0.0805885314527846,-0.0816996373328347,-0.088871957376139,-0.018816232636403,-0.0473917991884101,0.0523313057518732,-0.011582085106252,-0.0622752519070649,-0.0465303907843253,-0.00516378195370763,0.0426925950805504,0.0162629291478683,0.01021269397938,-0.053479511892188,-0.0196749705461167,-0.00331320484958843,0.00607918661627406,0.0768443834392465,-0.0243038164590965,0.0394795430434591,0.00235577629872831,0.0361964283786333,0.0546049011851693,-0.0182970396386409,0.0167110979762625,0.0609719895891444,0.0483116529319711,0.0757245710496697,0.0915647921812463,0.0353504813542319,0.0253999299682806,-0.0265744025014246,0.0227302798415308,-0.00498931940213205,0.0521630670182748,0.0845533459158802,0.0404694084958875,0.0865120291451616,0.0933186314434702,0.116747216841786,0.0876235219697034,0.0651172084707339,0.0534720696230716,-0.0110592859806963,0.0608650432732597,0.0216362671070096,-0.0161319827196574,-0.00111191642181453,-0.0366331591353144,0.0150042654219335,0.00596632243919451,0.0794933201416924,0.0492694402605579,0.00619729761581174,-0.0261047698258789,-0.0848019358626725,0.00423592964005545,-0.0139733142820781,0.0513463526457587,0.0120289077711058,0.015205368752548,0.006470060594203,-0.0361971784663698,0.0370742088794221,-0.027162016600752,0.0358526939621797,-0.0038785985863969,0.0205893103018463,0.0375437139949207,-0.0217440937643997,-0.000959482798411188,-0.0371454619689774,0.00311585768577631,0.00878970453097286,0.0159337486850072,0.0525444233470319,-0.0265946261078259,0.00388704326268972,-0.0237683561338624,-0.00944878689560465,-0.00734360704228283,-0.028938061123132,0.0108152036343965,-0.0126241970255681,0.093072060024042,-0.0312087708892671,-0.00797747153272887,-0.0456996310053445,-0.0759883364411107,0.0045880490611077,-0.00855742689400158,0.0511834439319102,-0.0254068460697679,-0.0150616241145229,-0.0226026663310216,-0.0165034471159813,0.0522741230140068,0.0203898074606392,0.0542297935078698,0.0131365272194754,0.00498884373748256,-0.00133085832210869,-0.0608447907244441,-0.0376872305600369,-0.0736754451660498,-0.0164938676085183,0.0144680153878853,0.022232889683872,0.0594736620475911,-0.0467939232706989,-0.044245014813797,-0.124517105476274,-0.0605688582033933,-0.0447555213253964,-0.0331481957580194,0.0531502343939059,-0.0452097659200813,-0.00199472889107851,-0.0270755367510932,0.0306536760621123,0.0546192055288737,0.0378339613401763,0.0523033590211774,-0.00232989483227255,0.00628070522354366,-0.0980383021808445,-0.0399125277161116,-0.0322047060020485,0.0271915822869565,0.0812229918738136,0.0113004584157756,0.108003220962967,0.0206501928011358,0.0170479082857304,0.0312890754866947,-0.0133422041088728,0.0387252905072767,0.000667101284985147,0.0634246716508067,0.0635492986734254,0.0383873080144102,0.00710160506671886,-0.0597040711310395,-0.0455785455902381,-0.0276163641626466,0.0598943972769604,0.039017579215572,0.0225254347604185,-0.0220375824066981,-0.0564558717850904,-0.0140436933139011
35,0.00136937741116796,-0.284508779208835,-0.202113371365856,-0.232655211775667,-0.15625947110797,-0.0722975624518078,-0.169718616285053,-0.237201408481768,-0.235616656936929,-0.237852986523175,-0.198705683869472,-0.177192409448961,-0.0664038167003577,-0.213740856461818,-0.212781392249184,-0.303300527850065,-0.36852175298743,-0.280468293215855,-0.16060002077839,-0.0274756230453375,-0.114950306307286,-0.170589867253007,-0.242950702167797,-0.280716568173757,-0.367492109198395,-0.389355879206323,-0.235020102052486,-0.409183802000389,-0.24795613790798,-0.225365724784106,-0.399517404159677,-0.421503200231986,-0.255398692900726,-0.105029863420202,-0.0728931905102118,-0.0550831329678774,-0.0854767504780313,-0.131254002562533,-0.218146113581651,-0.230623756851459,-0.211227005609385,-0.0589571724538516,0.00452807367571337,0.0377206669770703,0.00765439008620025,-0.153455683780404,-0.189228285459253,-0.285064758473957,-0.223748703505824,-0.144006104470171,0.0322604520855657,0.133231116995162,-0.0569934865975049,-0.0286028639916929,-0.175925909230048,-0.244580784529129,-0.146014951667561,-0.173816096320097,-0.136126392227073,-0.203669791756139,-0.0967912229913298,-0.104743184305208,-0.163075186449309,-0.207279666253777,-0.228854368967139,-0.097001663800234,-0.0262420128479031,0.138119197597189,0.0124965902036953,-0.142928394960267,-0.208657612998245,-0.334734719776437,-0.253152655947396,-0.139638557795654,0.0602300239142596,-0.0160867351854479,-0.0731504795487489,-0.0920819513984805,-0.279899620436978,-0.230827557637516,-0.251267241255815,-0.182310550850309,-0.0923803793579782,-0.0484575523758447,0.00805742276640297,-0.0857645603728372,-0.0925644947023533,-0.164722350713577,-0.128696020988872,-0.118704538011347,-0.0588876912039676,-0.00757360756052713,-0.140789371558447,-0.098014960833343,-0.325473792262894,-0.305514900004797,-0.235430099971652,-0.0875911152295833,0.077395066382896,0.0376277870775172,0.0286384411457617,-0.195493912747443,-0.280031286037885,-0.3075229715373,-0.288596825960864,-0.148375349973224,-0.0795593086911644,0.0143590011338859,0.0122437869123494,-0.0740374203052451,-0.123342744605135,-0.201033917910937,-0.15963078764122,-0.104153313477257,0.0482869197250245,0.0275762603560497,-0.0175390855908139,-0.0453695694552979,-0.250876265085013,-0.215884086494432,-0.247375985728443,-0.0119078824555227,0.0742656997480259,0.0256120129723168,0.0870636851271406,-0.146548702957958,-0.200873537410372,-0.201251405724382,-0.0980469073981902,-0.0275598728867062,0.0588078264262042,0.109781698152106,0.0436324059362967,0.0180946313494691,-0.180416307039434,-0.213866733615459,-0.228246650843827,-0.166508196832021,-0.05604391401069,-0.106794819470998,-0.0390322143310194,-0.187341062684605,-0.219197467198342,-0.215628717927415,-0.21317151051493,-0.0553580561947104,-0.138784594800627,-0.015870131758991,-0.106616193255453,-0.275765442567548,-0.353472271600746,-0.450278523962114,-0.382824716105074,-0.231676226495416,-0.0234856356249614,-0.0403560272370681,-0.0631465217019948,-0.181365291504906,-0.321009426208361,-0.280028672516137
36,0.00183216244246122,-0.0911195682179074,-0.0645119719431488,-0.0775167846665837,-0.123300790390215,-0.102423786435769,-0.119056904885926,-0.133242295929214,-0.17578542293695,-0.198105875919108,-0.163205937610887,-0.206308227619193,-0.0893663954743103,-0.0555471828199207,0.00465444428616662,0.00594131650160184,-0.0630826416311979,-0.077709331362846,-0.106383745741388,-0.0309961544683585,-0.0814662700637561,-0.0883762141236999,-0.100560298659532,-0.0949281900008884,-0.0697068819182281,-0.0956146602768208,-0.0197362920221362,-0.122764372364457,-0.0883305668021859,-0.0859248644885993,-0.106244184789594,-0.0473706158738223,-0.0980887484697147,-0.0535749423226642,-0.0807111522187631,-0.0342974917807753,-0.0148471291269731,0.0342578507101638,-0.00829588614252216,-0.0551505142961077,-0.098349333776873,-0.10317490697535,-0.104440350356253,-0.0916218647323836,-0.0229431384540241,-0.0479652000412796,0.0087962656399655,-0.00904352752105313,0.00634875492349027,-0.00958509791683258,-0.074235447508713,-0.0606976604866943,-0.149241291217818,-0.113938233081328,-0.0534635947297402,-0.0934837008141506,-0.0539102663213007,-0.109261644820816,-0.081844194059835,-0.0701549847712512,-0.0192839741472146,0.032867942778492,-0.0447094615278061,-0.0761600439929407,-0.157724560470544,-0.116123393184479,-0.0968845721356869,-0.0640164352977506,-0.0279807158131169,-0.0390274559311569,-0.00473058864954842,-0.082900986383246,0.000923278848985363,-0.0679602744319887,-0.0412442022136902,-0.05068161432292,-0.117336874196708,-0.054665229585392,-0.0886095167749745,-0.0548835628903115,-0.0874346248655309,-0.0690228171300627,-0.0431905718553471,-0.0601440325494263,-0.00858456094918746,-0.0763690141414798,-0.0792276260239188,-0.085244322898622,-0.081383137492929,-0.0622846199340293,-0.135460030179786,-0.0815478210588121,-0.0914337444294228,0.0037259086070237,-0.0651092274757549,-0.0813714271425031,-0.122528314408532,-0.202432181492315,-0.140729505669119,-0.168202346133658,-0.114688938177263,-0.130556196803332,-0.112680550397918,-0.0661217984799981,-0.0878874994319225,-0.0340388257312626,-0.0709100054280294,-0.0890907539175642,-0.0599678840411638,-0.116222638862225,-0.111262132917821,-0.157308602380837,-0.119394882026791,-0.139492489873737,-0.113919540133008,-0.0677162837546346,-0.0950266158816932,-0.0107560044361258,-0.109238444159148,-0.113695820926149,-0.196750522304888,-0.214453529723111,-0.163886860791604,-0.165517046397796,-0.0950329359681856,-0.145622476520632,-0.119203939524899,-0.123344706627358,-0.0900410319822827,-0.060824646573824,-0.120407981503441,-0.111391165692255,-0.155243397965511,-0.172718179437179,-0.27200790463606,-0.259638483867609,-0.192023680796246,-0.164852083221929,-0.0769808165521075,-0.113133163404433,-0.0302179889108347,-0.0851043426309351,-0.0825625069086604,-0.10391204774954,-0.172369882972961,-0.118990379871813,-0.166430676738411,-0.124579997890219,-0.055302851733901,-0.0893722598528063,-0.0413787317550168,-0.099600308176211,-0.108702195083679,-0.142056753236942,-0.131425957082249,-0.0994960695293726,-0.121898113144357,-0.154098732668484,-0.144909502877441,-0.11232314479901
37,0.00239447927069439,0.0856160231708458,0.0652516176938798,-0.0121163651351927,-0.0627977544461523,0.00242081259068399,0.0472097826201899,0.0657642173034139,0.0626896434152051,0.0239453322346852,-0.00659043314201212,-0.0615411371824279,0.0604704837150063,0.0216717539142477,0.100298918137128,0.107886236820881,0.0680427473199827,-0.00704500573035261,-0.0549718486381506,-0.025704957720793,-0.109259568566453,0.0090998132245134,0.124440059024708,0.234059763274436,0.150177471806289,0.0323926560152206,0.00115892608470564,-0.131078238879173,-0.0324354589395159,0.0483545451932201,0.088355792473824,0.0785596523005756,0.0328428060679018,-0.00791482524003391,-0.00241648965712923,0.00714583283966768,0.00523045127517035,0.0206934350758094,0.0407018014410131,-0.010837065703744,-0.0805251162750314,-0.137172379885493,-0.172744677653866,-0.118615016842789,0.0900267913624612,0.130198358874066,0.226227079729424,0.112903738910844,0.0617365746195894,-0.0627332534118939,-0.0731573630976021,-0.064769042733315,-0.0695694246548865,0.0537080982608601,0.101234642336091,0.0266904178343153,0.025062163577061,-0.0693386405477281,-0.130023208411534,-0.149139202283357,-0.0731686163556183,0.0610334051120134,0.0214177001492047,-0.0280294565943147,-0.090265609968087,-0.0492017741254962,-0.0610880409655791,0.00906676907748485,0.0770888948356874,0.132285648017623,0.140461891759769,0.0452268507985798,-0.0016122519436487,-0.10211808917395,-0.0629908111959051,-0.00127151779833597,0.0582682638297528,0.15193933405792,0.18971546816646,0.157142322863765,0.07045459100411,0.0459137875501891,0.0460680996569676,0.0399218678284266,0.138717553149537,0.122209646698599,0.127902336575027,0.0504296984508008,0.0802724083262318,0.0519461421727338,-0.0603018309023128,-0.0132124581643134,0.142242473623838,0.237870145911013,0.166489497117951,0.152880088826733,0.00497649987539314,-0.0465586923470988,-0.0232449293071275,0.0127626839138993,0.132555967471815,0.140538355309733,0.193672855754255,0.151264658413939,0.0954677972540646,0.0152532772248964,-0.0782349359023191,-0.017832503843175,0.0404742013442142,0.0730668245846522,0.138829459806488,0.127097505229333,0.114150431456982,0.0472637617102936,0.0800255786400441,0.106994436251734,0.0657973150901692,0.174483617804988,0.0970595157556858,0.08570093455822,-0.0217950187516202,0.0245749513452135,0.0588005971771138,0.0647438664275066,0.199845135359998,0.223018264522405,0.288888088014042,0.269647532984424,0.245293233536429,0.105934178183993,0.0598840239486418,0.104870498565844,0.154864541191677,0.185367934088074,0.0776752290610403,0.000743018228747014,-0.078566701524426,-0.0427278725277998,-0.0279578302658914,-0.0757823721725651,0.0171402930529677,-0.0560322878514582,-0.000906378987251319,-0.0849349970306908,-0.14206525899133,-0.149031260739146,-0.187462277872449,-0.0901635971926559,0.0117627313660933,0.00223264676527559,0.119021664681201,-0.0209145811860162,-0.01839697432084,-0.165673738829694,-0.146212540207742,-0.114401429529152,-0.0134356851865156,0.0320066200996405,0.131823448360031,0.112412741353686
38,1.89452438438879e-05,-0.000669692070411258,0.0016827046711237,-0.00194039744760414,0.00149679932740343,-0.00489378124531403,0.00055519948690136,-0.000605920426418302,-0.00016422529003396,0.00558122383411197,-0.00121424215535956,0.00686712856612606,-0.00085577545228848,0.00399998537496026,-0.00105237748430307,0.000848261820929412,0.00243831991558314,-0.00384025400789534,0.000847429723779398,-0.00418268632606021,0.00217371856836577,-0.00217352018255091,0.00672876116741983,0.00410854389075183,-0.00200612503604756,0.00343581498936945,-0.00301916195173431,0.00375181479195129,1.07115949347497e-05,-0.00287955061357238,0.00222873628811403,-0.00375004434652191,0.00328377618220975,0.00155648402967986,0.00230813140890694,-0.00136436256097098,-0.00224863099179788,0.00264654122765689,0.00599159975517095,-0.00325378692680261,-0.00212718964115928,-0.000749008402547772,-0.00212615682790015,0.00497692533363316,-0.000941697444950606,0.00455493767182099,-0.00329973059161985,0.00067117841032467,0.00143860161496184,-0.000235053452571057,-0.000122251000045427,-0.00865726131331603,-0.00063445249092082,0.000116434110799885,0.000437532537456104,0.00710382259514174,-0.00380200369145586,0.00244495670027381,-0.00284955970181884,0.00214184594121159,0.00262231840133448,-0.00144447380793808,-0.00140618000980976,-0.0056421866947744,0.00102295261480943,-0.000536561931012186,0.00134630015527746,0.00101843962156331,-0.00195916227275203,0.00579258919960202,-0.00142112635527197,0.00577023517518619,-0.0026558111537592,-0.00173553414597373,-0.00369566330925974,-0.00196058488950233,0.00285179140006319,0.000337785756061605,0.00455151271121003,-0.00184772020925359,-0.00115323087697138,-0.00136749805636066,-0.00259213135616777,0.000709492841941126,-0.00320380017003251,0.00351432793944904,-0.00257308130171795,-8.69802169693607e-05,0.00258253135907127,-9.79622669005958e-06,-0.00203535886824819,-0.00537850419107964,0.00549443316027005,0.00380842854648772,-0.0054171040451773,0.00376276313089926,-0.00430437060711743,0.000315398046025102,-0.00402139430168238,-0.00167539981567255,-0.0021939589239071,-0.00151568906701154,0.00136785004295391,-0.00122846855130996,0.00691571456672408,-0.0024209947380241,-0.00237675496628874,-0.00248878690391657,-0.00514921108740344,-0.00099257083822261,-0.00228620221359131,0.000417668694837363,-0.00233036696163712,-0.00282903312376138,-0.000738040656539406,0.00115373006245506,0.00603412691606724,-0.00382441650142416,-0.0016249194857238,-0.00514574013446752,-0.0023926600434303,0.00238304741364554,8.5337350453294e-05,0.00194819230182809,-0.00381101253774731,0.00277186868943037,0.00168771072174536,0.00213681227065182,-0.000917976143564874,-0.00316165398627422,-0.00400231748977594,-0.00830515197160152,0.00825583655426634,-0.000426683729894943,0.00282576911284856,0.00334586936081732,-0.00382308027370502,0.00365161824773849,0.000175978569448138,0.00312969600403061,-0.00123362517680199,0.000227104349181908,0.00170309639657159,-0.00405729861007952,0.0037636241651148,-0.00175522671550352,0.00184749934373204,3.58877266441892e-05,-0.00111299058506964,0.00608569614528102,0.00246322453088697,0.00323694161663102,-0.00102788755066862,-0.00141973494852037,-0.00277543121343522,-0.00279973138700687,0.00162361356482306,-0.00194202985202844,0.00643867778027742,0.000132811020581947
39,0.00719768855832745,0.0440117566038043,-0.0133992096330164,-0.0607510542450932,-0.053699827188627,0.0145393618405212,-0.0093610501525309,-0.0576969315643436,-0.145912398378388,-0.185918350639254,-0.166342570596843,-0.137430995068787,0.0293425895375066,-0.0526888246207459,-0.00545557281408292,-0.0342490816041236,-0.174518820725114,-0.33902207465351,-0.323498744765566,-0.250467826029026,-0.260565786973713,-0.154454399907627,-0.183763291192923,-0.159954653572695,-0.306826377145979,-0.347578340341019,-0.371218141323699,-0.478361960250367,-0.425705751008508,-0.330483720700051,-0.331794881193248,-0.420323792905079,-0.344901886684996,-0.28670598389964,-0.264037464196395,-0.0932023366952753,0.0245509217436854,0.0742525732078369,0.0590451211321128,-0.0903967944716133,-0.209094468497411,-0.227349187496642,-0.223556712843895,-0.026916871368312,0.0944760026524846,0.122444313275254,0.112222887623113,-0.0480840123646834,-0.0757552175213656,-0.166549766169164,-0.143914597136901,-0.101943937121616,-0.151628794426436,-0.0535277099880406,-0.0145148896336905,-0.152965177115855,-0.195150490253996,-0.168704626822585,-0.194018497122426,-0.104416315129948,0.0469574862867287,0.0546196517485573,-0.0482935362917302,-0.102058036697868,-0.224612801339314,-0.22627049689079,-0.124223521147252,0.0909777951670252,0.155177152761536,0.256699021670178,0.17603100414185,0.0635706722081629,0.00136883133161883,-0.13740601094747,0.0287289268733215,0.0300475265848576,0.118231776620358,0.231381068677287,0.197940380661213,0.135254565189135,0.111844840209973,0.14566087062473,0.131542342202549,0.233409030604907,0.247501784441998,0.217816474929596,0.217435437544503,0.162646614984672,0.185125386288417,0.147744485447771,0.199882974672291,0.266221989068417,0.393109221716216,0.476339702184985,0.331085517988331,0.208983895967181,0.0459182457075526,0.0665278571347937,0.0880216927699999,0.231418529327936,0.387416672681941,0.301527001322519,0.266336353505464,0.213926733960372,0.128779213450256,0.128130975942246,0.104131539288433,0.126103886192827,0.15938890623184,0.203337537689584,0.22078496002423,0.197562609901149,0.19121221521229,0.15260128801721,0.248136128849864,0.230841112584937,0.290326861657864,0.344825656399574,0.188903814534366,0.0924283027277645,0.0207128554347519,0.0579269511444009,0.13894197038866,0.263925776751053,0.372250096087699,0.399811276448996,0.38544341187955,0.275432622793086,0.298544640279545,0.226051768684748,0.2075513642899,0.267396035951548,0.269911499210922,0.317798787525793,0.107395373791318,0.0951461417782526,0.046231400577141,0.123003102570347,0.185591972424648,0.132312997358498,0.253064242679017,0.101237978770204,0.166291851126808,0.0205964309375109,-0.0587275272951416,-0.0620430104420175,-0.0677016581044022,0.0423393434720156,0.164679896976073,0.187585891093486,0.0537026597034765,-0.059642747618867,-0.205015671872189,-0.272949940009112,-0.141566204238257,-0.147942420925619,0.00158722061680041,-0.0497841848927794,-0.0354858477866638,-0.031446657058636
40,0,0,0,0,0,0,0,0,0,0,0,0,0,0,0,0,0,0,0,0,0,0,0,0,0,0,0,0,0,0,0,0,0,0,0,0,0,0,0,0,0,0,0,0,0,0,0,0,0,0,0,0,0,0,0,0,0,0,0,0,0,0,0,0,0,0,0,0,0,0,0,0,0,0,0,0,0,0,0,0,0,0,0,0,0,0,0,0,0,0,0,0,0,0,0,0,0,0,0,0,0,0,0,0,0,0,0,0,0,0,0,0,0,0,0,0,0,0,0,0,0,0,0,0,0,0,0,0,0,0,0,0,0,0,0,0,0,0,0,0,0,0,0,0,0,0,0,0,0,0,0,0,0,0,0,0,0,0,0,0
41,0,0,0,0,0,0,0,0,0,0,0,0,0,0,0,0,0,0,0,0,0,0,0,0,0,0,0,0,0,0,0,0,0,0,0,0,0,0,0,0,0,0,0,0,0,0,0,0,0,0,0,0,0,0,0,0,0,0,0,0,0,0,0,0,0,0,0,0,0,0,0,0,0,0,0,0,0,0,0,0,0,0,0,0,0,0,0,0,0,0,0,0,0,0,0,0,0,0,0,0,0,0,0,0,0,0,0,0,0,0,0,0,0,0,0,0,0,0,0,0,0,0,0,0,0,0,0,0,0,0,0,0,0,0,0,0,0,0,0,0,0,0,0,0,0,0,0,0,0,0,0,0,0,0,0,0,0,0,0,0
42,0.00530695482423253,-0.280767841252891,-0.128013859502796,-0.0843533496302487,-0.10950289048693,0.0295128565066841,-0.192699133537622,-0.17663720248642,-0.23913301543502,-0.308826916844478,-0.185273081756031,-0.305742302908315,-0.0366558351213616,-0.185671889046086,-0.0671041012614771,-0.102391656187309,-0.205028297591116,-0.140592084853358,-0.174133747782114,-0.0449339411127474,-0.0130189453217013,-0.0251410143984605,-0.0471947904113171,-0.108738513777464,-0.141221464428079,-0.200608223856563,-0.0531081859691479,-0.149800768030803,0.0699649528256843,0.02714099307518,0.0162391048077909,0.0529231794074718,-0.135707618967729,-0.00345105503894784,-0.0933642005304549,-0.0400865556908316,-0.00259766391635432,-0.0115831170873584,0.0731047793696043,-0.0295706680750386,-0.00056033794741842,-0.0498675408094328,-0.0284189566842496,-0.0105829838620873,0.127292355178271,-0.0577184727359425,-0.0406716474745126,-0.0867426113108965,-0.096305424004454,0.00499930350211047,0.0568344639310214,0.198519376691596,-0.0408807885112455,-0.084389591405709,-0.198724545857669,-0.342326864181732,-0.284282496628244,-0.318699141709386,-0.0637051779964941,0.0329220978397976,0.0994831892361546,0.0871742198125988,-0.020747588490894,-0.0695434115659505,-0.267534703233427,-0.173974133429161,-0.298013321778774,-0.100338749520236,-0.0477647595163821,-0.0191216599101918,0.0141801778505965,-0.244091779238299,-0.113024761280277,-0.235086696910888,-0.0489866912526637,0.0790644355005467,0.00581446768479651,0.0905954736040117,0.0109148012166397,-0.0593675135589316,-0.230807103602779,-0.162781251924422,-0.0336217653841678,-0.0973012074763758,0.0481568512673977,-0.155613938204651,-0.213651794699206,-0.22888939561821,-0.154684844511478,-0.163877998647525,-0.2584233660661,-0.149844375760008,-0.225468128522082,-0.0171125503418968,-0.234710747684776,-0.251045499835745,-0.263003876996761,-0.331514256716892,-0.143041104093461,-0.155885488191645,-0.0664907093948233,-0.215810489765764,-0.355081558784296,-0.354318272193178,-0.53291776858864,-0.389869343571495,-0.229975256917665,0.000333176525318599,0.0212270180672844,-0.103412396024584,-0.10409465803949,-0.331675816864905,-0.229093885268654,-0.222992686291026,-0.28174634846512,-0.0964032842622224,-0.15448296651857,0.0163701886806168,-0.140577661527555,-0.148199749141961,-0.291368206142544,-0.170370651115114,-0.075901005522133,-0.0541616113032107,0.113689227696679,-0.0699752028505471,-0.0255423168263533,-0.115505700212391,-0.108493625820966,0.0226383113922795,0.0942941640810596,0.236552933100433,0.126458118117579,0.11906313683152,-0.117727460266244,-0.178254680006496,-0.0940925246340848,-0.092320361740405,0.0961784004952519,-0.000695129563085203,0.158007969626083,0.0481017197787367,0.0236298089189282,0.0224996106359569,-0.136739299426995,-0.0556813986378799,-0.245862660299385,-0.169431970544016,-0.0954938261501031,-0.193801583100376,-0.162018254164377,-0.334621339608755,-0.255301227501553,-0.234507160532484,-0.0559492479474858,-0.00664196794751057,-0.0790598753407593,-0.178573172116455,-0.280346721042375,-0.255329917924518
43,-0.000272117509207434,-0.187452006750667,-0.143416986932715,-0.0971978848370233,-0.0204660461921837,0.0647803553550574,0.0478013563934328,-0.0164209950402386,-0.106936652930536,-0.17100032930626,-0.184123024067249,-0.234581892564082,-0.0628392500374717,-0.00686557805480981,0.12249254084469,0.109615597122486,0.01023344962396,-0.0504151795350056,-0.115614259871099,-0.0112576418440536,-0.0128115130897602,0.0312352435645202,0.0578177801337361,0.0185720784385967,-0.0375260313642563,-0.131393379693924,-0.0337277582341927,-0.101120821557246,0.051336285986174,0.115011305536769,0.0722673474672798,0.0863122589029291,-0.05221409453371,-0.0696792057809524,-0.118738870330477,-0.106603197111882,-0.0164148700400759,-0.0127418726913612,0.0612039939972307,0.0533889292547297,-0.0235530618371288,-0.0884608100630567,0.00197291179759336,0.0189319591179174,0.131775120172085,0.0901949472831904,0.129293086731393,0.068389207660861,0.0168943974096127,0.00329064429354922,0.0214159445057109,0.137539748110905,0.0889516387212058,0.189024068601649,0.0839011994701123,-0.0520082668370087,-0.0454996145044142,-0.146313269559306,-0.0642411112130452,0.0127304635807188,0.139069224039608,0.198842377688986,0.101607002388688,0.0477302659277365,-0.0875249475835374,-0.110185909728961,-0.111410126086534,-0.0323379841264481,0.0284259320901473,0.0508030982242504,0.132905954026116,-0.00334056370162284,0.00602923707499215,-0.0607126643270482,0.0180048065240226,0.123737731565136,0.136665630713419,0.184849795280742,0.0489559147963321,-0.00287419174515431,-0.103557483772558,-0.0655790307158744,0.0301938852892433,0.0750451230731291,0.207705217351016,0.134349423536339,0.132993161086463,0.0618982902235066,-0.0167681385615669,-0.0411933556512626,-0.0625044457711876,-0.00781313249783755,0.0739407441793721,0.198326275535149,0.11254281718515,0.0910888681813278,0.00178516438935583,-0.0952895570630526,0.00508849693294969,0.0358842299877419,0.105596494435618,0.109846316993314,0.0301083128314525,-0.0163714965511125,-0.0771294103542329,-0.0181474059983021,0.00954309171700511,0.0883350979092142,0.16822414452264,0.108684525752485,0.0808569991218758,-0.0910041853462949,-0.125508091338878,-0.173035433322272,-0.127733606313335,-0.0253373709291334,0.0250120487012943,0.136947893313777,0.0342263003233978,0.0320830735494481,-0.100601895443389,-0.120983574006772,-0.036611371127471,0.0277055719562463,0.196083423848178,0.100553705064434,0.0830366310925976,0.00913532443732016,-0.0422260768709361,0.0500139245657394,0.0642069617664127,0.161643103358379,0.160150979264589,0.13315808778036,0.0204270219314592,-0.0734729858502253,-0.0915314368315322,-0.0744400116004379,0.0274211358854559,0.0203477587831271,0.165250207223871,0.131706824209252,0.110088172316528,-0.00204689871762614,-0.147630710281461,-0.111559010915757,-0.185146518489733,-0.0627860900276512,0.0128823790882505,-0.0186067370497215,0.0123814735335713,-0.125194004050144,-0.0919632236812292,-0.0896454459673743,-0.0725623821955127,0.014707715615759,0.0385120583105002,0.0472527065192719,-0.0229581232419168,-0.0892555005677525
44,0,0,0,0,0,0,0,0,0,0,0,0,0,0,0,0,0,0,0,0,0,0,0,0,0,0,0,0,0,0,0,0,0,0,0,0,0,0,0,0,0,0,0,0,0,0,0,0,0,0,0,0,0,0,0,0,0,0,0,0,0,0,0,0,0,0,0,0,0,0,0,0,0,0,0,0,0,0,0,0,0,0,0,0,0,0,0,0,0,0,0,0,0,0,0,0,0,0,0,0,0,0,0,0,0,0,0,0,0,0,0,0,0,0,0,0,0,0,0,0,0,0,0,0,0,0,0,0,0,0,0,0,0,0,0,0,0,0,0,0,0,0,0,0,0,0,0,0,0,0,0,0,0,0,0,0,0,0,0,0
45,0,0,0,0,0,0,0,0,0,0,0,0,0,0,0,0,0,0,0,0,0,0,0,0,0,0,0,0,0,0,0,0,0,0,0,0,0,0,0,0,0,0,0,0,0,0,0,0,0,0,0,0,0,0,0,0,0,0,0,0,0,0,0,0,0,0,0,0,0,0,0,0,0,0,0,0,0,0,0,0,0,0,0,0,0,0,0,0,0,0,0,0,0,0,0,0,0,0,0,0,0,0,0,0,0,0,0,0,0,0,0,0,0,0,0,0,0,0,0,0,0,0,0,0,0,0,0,0,0,0,0,0,0,0,0,0,0,0,0,0,0,0,0,0,0,0,0,0,0,0,0,0,0,0,0,0,0,0,0,0
46,0.00308740185737902,0.0531059885635611,-0.13827831131724,-0.230927825987007,-0.257244976424066,-0.221176361118535,-0.130031411253267,-0.0991366182787677,0.0111531034620137,-0.0653929497797579,-0.0930579504357174,-0.182042621787842,-0.145201034920503,-0.115155584840302,-0.0247652089432751,0.108111723411731,0.0810862523881037,-0.0129042909139767,-0.115983244388875,-0.255848543648951,-0.281841526032955,-0.225112911189915,0.0826087495587517,0.232400899807681,0.167887736983256,0.0330411673170284,-0.161184727537761,-0.33890488067666,-0.321692220908888,-0.111599383031043,-0.0491370349014801,-0.0671130027372866,0.00289520087878037,-0.0698376422331911,-0.0813993007934366,-0.129082313068169,-0.156615734352519,-0.101254290216441,-0.0298995294701796,0.0256320066770389,-0.0388829807150778,-0.0434728401532569,-0.189762482642397,-0.296439326494963,-0.238441985886054,-0.163565009514875,0.133512894046414,0.124204334850648,-0.00408196377476215,-0.176501580213178,-0.276932764735992,-0.379613890553903,-0.250254520602008,-0.128210146621255,0.0649404084145924,-0.0549139722052177,-0.0235848610873291,-0.0931738262896176,-0.328772285516727,-0.193623402273293,-0.12184272965825,-0.00190041556742521,-0.0452246909283864,-0.00742249028704005,-0.0661189236288287,-0.136098147188598,-0.141684373181876,-0.143870978491717,-0.0589750770758641,0.0591094618562641,0.14787681189673,0.126728207638938,-0.0285739688088235,-0.186297638254586,-0.240674182165447,-0.196506483356785,-0.116168963524882,0.0739873390181577,0.166066914156411,0.0230489178695081,-0.0279995628717239,-0.225220992611117,-0.214706926620677,-0.241156955031928,-0.218246515784689,-0.0306712699775019,-0.0858204449749382,-0.11811875683316,-0.100847285252913,-0.184904328085276,-0.285993893935768,-0.276056242885955,-0.0053496096621552,0.141161684200256,0.176165747778346,0.171297481447794,0.0115906877802441,-0.131483734173718,-0.254188863701767,-0.174030391903395,-0.0883203822478455,0.00823519995490519,0.12250304660005,0.127132235131322,0.0670889792588431,-0.1037406743837,-0.194314840095284,-0.301997835410201,-0.1768008009158,-0.048765144967919,0.0921993733002504,0.181469918178585,0.0768325483679233,0.0288923844498485,-0.0386215579570466,-0.0492277332478424,-0.0304898283799341,0.0535706171673536,0.0540193335921407,-0.00722699942843807,0.0303922851902771,-0.0700792603462941,-0.0624219005797469,-0.139840186025928,-0.0173453283619204,0.11762345692755,0.260107231398827,0.346941340863668,0.254137556080011,0.00901297101069613,-0.111564546140944,-0.164841535530345,-0.0863981524555299,0.0350374883979766,0.0265952523150683,-0.0764507968435848,-0.157883241418256,-0.203392595858666,-0.285816300856613,-0.281729855312507,-0.2414057025093,-0.267436664752054,-0.209791170103366,-0.229926412431519,-0.252351923592433,-0.320949632895359,-0.368472980242618,-0.370498654197123,-0.187231819940186,-0.162167209638498,-0.0643016183076606,-0.130852499384834,-0.202799070701371,-0.341374541863605,-0.442943752635447,-0.457400399234974,-0.256227456274663,-0.173299400355994,0.0453204981739388,0.0372680259754404
47,0,0,0,0,0,0,0,0,0,0,0,0,0,0,0,0,0,0,0,0,0,0,0,0,0,0,0,0,0,0,0,0,0,0,0,0,0,0,0,0,0,0,0,0,0,0,0,0,0,0,0,0,0,0,0,0,0,0,0,0,0,0,0,0,0,0,0,0,0,0,0,0,0,0,0,0,0,0,0,0,0,0,0,0,0,0,0,0,0,0,0,0,0,0,0,0,0,0,0,0,0,0,0,0,0,0,0,0,0,0,0,0,0,0,0,0,0,0,0,0,0,0,0,0,0,0,0,0,0,0,0,0,0,0,0,0,0,0,0,0,0,0,0,0,0,0,0,0,0,0,0,0,0,0,0,0,0,0,0,0
48,0,0,0,0,0,0,0,0,0,0,0,0,0,0,0,0,0,0,0,0,0,0,0,0,0,0,0,0,0,0,0,0,0,0,0,0,0,0,0,0,0,0,0,0,0,0,0,0,0,0,0,0,0,0,0,0,0,0,0,0,0,0,0,0,0,0,0,0,0,0,0,0,0,0,0,0,0,0,0,0,0,0,0,0,0,0,0,0,0,0,0,0,0,0,0,0,0,0,0,0,0,0,0,0,0,0,0,0,0,0,0,0,0,0,0,0,0,0,0,0,0,0,0,0,0,0,0,0,0,0,0,0,0,0,0,0,0,0,0,0,0,0,0,0,0,0,0,0,0,0,0,0,0,0,0,0,0,0,0,0
49,-0.000994091485769021,-0.0455005263298823,-0.062701797341124,-0.0426992284476675,0.00771020917773665,0.0979913794458557,0.101664085050932,0.0628172012603835,0.0378885618964984,-0.0915252726008863,-0.0640888477150043,-0.131491378439659,0.00548014089025324,0.0237517475523108,0.0540079710861957,0.0634810438889158,-0.0276254241843361,-0.0645048396361436,-0.0718037047050865,-0.0306075412580426,0.0180740519086525,0.0662869986755068,0.120049872993066,0.107136817946657,-0.005776668272684,-0.0811466882297592,-0.0775066109535072,-0.1497368474102,-0.0371915429736578,0.0530388980193372,0.0977161857989374,0.119997948252611,0.0275783046039342,-0.00485867777833607,-0.0392119796349584,-0.00216814782671815,0.102221743984319,0.0911042556495684,0.17081350255931,0.130650367071448,0.056310878903033,0.0362277870678798,-0.00449813930956307,-0.00569202589555176,0.0312641839910354,0.107657608098685,0.09695157979815,0.145164403260604,0.0928253490876982,-0.0306163834010213,-0.00390200488979565,0.0575606366855994,0.0729689041377821,0.130006412145493,0.0924682876273201,-0.0752339055983819,-0.131871767248743,-0.160116372867185,-0.172593047041793,-0.0956825697464489,-0.0158344934998706,0.0885984214063058,-0.00741829582057469,-0.00936568112553376,-0.154162112380641,-0.116508090289671,-0.10307996596112,0.0191608034459582,0.116892642551715,0.122365676667175,0.149258796057626,-0.0095101169075585,-0.00910056962698631,-0.112307597269832,-0.0345213253266317,0.0767257290589169,0.10973063729024,0.198238053265573,0.119478146166012,0.0731618499291816,-0.00192609676255074,-0.0300490609693524,0.0452806205616295,0.14467336037476,0.246886474954825,0.23343821054795,0.229343351792743,0.149302706952319,0.0997189993258114,0.0374951418405796,0.0201508756023457,0.0349759162612627,0.112208655122956,0.188799328136073,0.108824049560168,0.0968919852830755,0.0301073921246874,-0.015007061487104,0.0741151993210772,0.131697595252119,0.241691975897668,0.22172630618212,0.165387990650148,0.126163647585799,0.0328335494455616,-0.0100564465822563,0.0260866508279367,0.0685714308045811,0.189270401002392,0.167421893458382,0.165068928155428,0.0959397321075836,0.0573755894164738,0.042802316393581,0.0828597135788145,0.142170487798872,0.128908411615723,0.206151358614988,0.172773042609717,0.106423018755712,0.0263891722193165,0.023301509671056,0.0591114361428723,0.0979389658245825,0.197226336854155,0.13096595538868,0.140424131674062,0.119004368279823,0.0631538686534303,0.104268289096209,0.0766888893307944,0.174527236130036,0.211149411660468,0.234916928705035,0.0860432578992896,-0.0211482905625492,-0.0855447043494964,-0.121812923543023,-0.0571933288015038,-0.0635505745446571,0.0791434928066883,0.0293669597634799,0.0344403139046617,-0.0197828946263069,-0.15061040724124,-0.176913121838128,-0.0742915228596363,0.0196819621024309,0.0663412280808943,0.0615105783588295,0.0404457463161328,-0.034579391589289,-0.0780651929055297,-0.105376428945581,-0.116239489028201,-0.0240278527118723,0.0549151424056579,0.0750723592500069,0.0670547401679741,-0.0098128550816655
50,0,0,0,0,0,0,0,0,0,0,0,0,0,0,0,0,0,0,0,0,0,0,0,0,0,0,0,0,0,0,0,0,0,0,0,0,0,0,0,0,0,0,0,0,0,0,0,0,0,0,0,0,0,0,0,0,0,0,0,0,0,0,0,0,0,0,0,0,0,0,0,0,0,0,0,0,0,0,0,0,0,0,0,0,0,0,0,0,0,0,0,0,0,0,0,0,0,0,0,0,0,0,0,0,0,0,0,0,0,0,0,0,0,0,0,0,0,0,0,0,0,0,0,0,0,0,0,0,0,0,0,0,0,0,0,0,0,0,0,0,0,0,0,0,0,0,0,0,0,0,0,0,0,0,0,0,0,0,0,0
51,0.00781188790666492,-0.369162255923872,-0.349690045474041,-0.198756773801972,-0.207659861147228,0.0158986166723175,-0.113179405213227,-0.256097705296939,-0.229888361673223,-0.27472122392784,-0.144895665584357,-0.131307200420526,0.00648015340318886,-0.199131400480987,-0.104582949947299,-0.120947590855362,-0.287682267854077,-0.198033234254122,-0.137054346116033,0.0627330737051777,0.159050011322701,0.0591853148937145,0.00852421388738618,-0.195248320400149,-0.33988883886136,-0.402834267151101,-0.274184219946258,-0.251742340226268,-0.0713670771952714,0.00534957317036625,-0.051542106369364,-0.0807757990525292,-0.256916128957235,-0.215879077052332,-0.137028367903906,-0.150265490976357,-0.164424644489095,-0.213520863480298,-0.0929296396994885,-0.217409960147636,-0.237017292333258,-0.203748442135157,-0.215585010258504,-0.0562987991086341,-0.050625904845245,-0.00251597230802571,-0.215570528195868,-0.245752722087251,-0.257107869340715,-0.324648130519004,-0.159757066873043,0.0559109809101563,-0.000408278179212177,-0.0297394151692539,-0.117880128699741,-0.448277291766426,-0.297352356234491,-0.221896137386148,-0.23128780314224,-0.237341778125049,-0.182042148133057,-0.141234305863953,-0.243723782967263,-0.241953864857412,-0.428736233429208,-0.284068343545001,-0.218068859391387,-0.159902326045385,-0.185966496966909,-0.451581618175709,-0.532335966534733,-0.74646629147842,-0.749694113807514,-0.693464927572841,-0.433888943470588,-0.323972381328787,-0.273846105216884,-0.262587051514476,-0.508251436668846,-0.573599780133982,-0.44606180223341,-0.363892949926888,-0.215158012209219,-0.255345775810393,-0.213622156275962,-0.180535426821183,-0.182495633763611,-0.265036393303061,-0.286637695332455,-0.227736326493463,-0.229822027765092,-0.215916568292613,-0.195543308731942,-0.172765471589881,-0.269995650513345,-0.365192202304158,-0.321210718586201,-0.241394294355562,-0.110676261017574,-0.0228797615916978,0.0132087244563816,-0.191669715448548,-0.434596066840651,-0.457238413481777,-0.540501621681398,-0.386667485495378,-0.293065383762853,-0.245983158194288,-0.106909751446768,-0.286409344270258,-0.132837492688559,-0.231021524441398,-0.253087188354334,-0.209440578537921,-0.23432466456319,-0.206979870297932,-0.200016765181876,-0.112390558749789,-0.29246906254914,-0.361102849661179,-0.35225241546188,-0.366511396392584,-0.110778363645172,-0.0945204824801914,-0.0774976521383642,-0.26562894994559,-0.371555538358005,-0.475008789952161,-0.367265350153161,-0.184599416985725,-0.103069430606849,0.0586958536411411,-0.0535081359610745,-0.125361959578362,-0.258113605390508,-0.5035350351299,-0.404087021186758,-0.498470666000692,-0.44651529149445,-0.318637421338192,-0.165524340317909,-0.267293550531148,-0.333641437307252,-0.374033354539188,-0.465221071687381,-0.311414861043732,-0.278301729526008,-0.278880573885741,-0.265751824524031,-0.449124948921421,-0.362429393383725,-0.580058329161091,-0.596349242968853,-0.451123426851614,-0.346769214531125,-0.21533895576256,-0.131034397197251,-0.180673730922794,-0.285520687096479,-0.361425339802446
52,0.00997217163818967,0.196794516393043,0.274163698375203,0.212567983577445,0.226864242225547,0.184219669349698,0.1075911091236,0.0463235030107033,0.234512175311127,0.293616889204119,0.333042974057637,0.234521478259398,0.254746150253114,0.149924411107068,0.0750892572427699,0.135717485499786,0.165867490828584,0.0973307897387526,0.215150363866729,0.277874944214208,0.240590839338494,0.224882654979993,0.291189531130653,0.397147880487608,0.336551163850633,0.336829897322734,0.27993219039854,0.0247106353188634,0.0834045254284823,0.0578091209707765,0.0716461311582566,0.0911842921796158,0.234438639686871,0.176158002937843,0.13915919826029,0.193222516052513,0.112755745828075,0.0108005128511524,-0.0500115308337951,-0.00121362375178707,-0.0271006228422829,0.0875696817902378,0.231400210659129,0.11216230415902,0.160142507570961,0.104455147666361,0.0682575977547375,0.125771297972897,0.185065623417537,0.192031566391961,0.0523976338050884,0.0491077445878582,0.00261149599179929,0.092128611035172,0.192386711149022,0.136877673713364,0.0706532689764306,0.0334208065504634,-0.0988305510901291,-0.12409122189884,-0.183589903200098,-0.133630331704465,-0.173525125594343,-0.127970026404228,0.0166066968989444,-0.00109241341014816,-0.042337781202598,-0.0569234260991993,-0.0696179950726851,-0.059615240998468,-0.0558537621600857,-0.0185625837465047,-0.0908412272713184,-0.215142913981244,-0.268040110950647,-0.189387192420809,-0.292446221326175,-0.20035770780692,0.0546556917739023,0.104510616765011,0.0392846577416998,0.110363290472382,0.105471621926379,0.0728108217688639,0.0464819884689422,0.0748069804231856,0.119820493549517,0.145106069015874,0.292330617633884,0.300833394748989,0.227520296751239,0.100520516371483,0.121754518566671,0.128595733455272,0.0188136985199338,0.102289919143314,0.0449354205616897,0.0969012606011224,0.169082002996801,0.137837376620593,0.169513544963744,0.145739298448756,0.164877871230076,0.0748081282664853,0.126124325039712,0.0235678611172915,-0.115334012907437,-0.147754996139442,-0.0638739443678922,0.0628313858484144,0.111214314002974,0.22099581808185,0.242807329533428,0.232684546404709,0.317406486818107,0.339889876493088,0.223841737610157,0.184250653070226,0.0992210899360157,0.00186805891527097,0.0965559936170514,0.288157002101594,0.231073155891031,0.15477464133344,0.168669440373816,0.0892486051610564,0.0878811112774066,0.105409189316129,0.192166241484771,0.0750637219062037,0.0524123628668009,0.00866779094437479,0.0431850450053284,0.115237911704763,-0.0393922562791822,-0.0885730405011837,-0.296791241404522,-0.235510602586957,-0.198591326052056,-0.324118425780733,-0.331639953192064,-0.447587155064476,-0.459405306755626,-0.519627305111484,-0.387784368546119,-0.29294794101853,-0.317870713175722,-0.362345713920818,-0.104031688108998,-0.0777171139976746,-0.14267028106296,-0.162828068831066,-0.0231911217606809,-0.100686253627798,-0.0764143847336879,-0.0494572832064559,0.00391609609258994,-0.00578323877172497,0.149935997916906,0.153884080456746
53,0,0,0,0,0,0,0,0,0,0,0,0,0,0,0,0,0,0,0,0,0,0,0,0,0,0,0,0,0,0,0,0,0,0,0,0,0,0,0,0,0,0,0,0,0,0,0,0,0,0,0,0,0,0,0,0,0,0,0,0,0,0,0,0,0,0,0,0,0,0,0,0,0,0,0,0,0,0,0,0,0,0,0,0,0,0,0,0,0,0,0,0,0,0,0,0,0,0,0,0,0,0,0,0,0,0,0,0,0,0,0,0,0,0,0,0,0,0,0,0,0,0,0,0,0,0,0,0,0,0,0,0,0,0,0,0,0,0,0,0,0,0,0,0,0,0,0,0,0,0,0,0,0,0,0,0,0,0,0,0
54,0.00273151282798282,-0.0409347429428104,-0.133910146011495,-0.176924677325149,-0.183680548053862,-0.0684399750975449,-0.0187902456412888,0.00882272780860164,-0.0944238579398963,-0.175140793378487,-0.222280416734375,-0.292395770982036,-0.128646268072015,-0.146018548348924,-0.0414919186066135,-0.0107936547705958,-0.0867507259081616,-0.102343428465039,-0.135403427575894,-0.145527223497661,-0.203637032474836,-0.171176502476841,-0.0669658001039142,-0.0221759759780872,-0.0797322906581281,-0.183160284065761,-0.261179554506845,-0.355827922293781,-0.337354355272558,-0.176369900582099,-0.0658475349535009,-0.0650400284310041,-0.118123077805999,-0.153865933129315,-0.212442195962982,-0.16732103808961,-0.162297896907412,-0.098733479572923,0.0626535672754561,0.0242379900922982,-0.0357739009599492,-0.0518134594103778,-0.154684293558497,-0.182653180033515,-0.215121694907286,-0.0831354585057032,-0.0390250044253008,0.0512156166240292,0.0420647066936247,-0.0190361324784913,-0.0918793839257009,-0.168783507806471,-0.162616716919528,-0.102799623796784,0.0332796839104631,-0.0818972817485556,-0.0927848098330861,-0.207110950545584,-0.296332926177585,-0.205785290735848,-0.0893358815535448,0.0323381378435004,-0.0124626303761721,-0.0085256085952515,-0.140161088107176,-0.189676317960528,-0.218763518441386,-0.202996061466384,-0.128393550228576,-0.0820918458236246,-0.0293793040610818,-0.0876939270095875,-0.0834226880509936,-0.238526504330371,-0.227265823524184,-0.176275637634153,-0.130385631192315,-0.00787698078540017,0.000647586795983981,-0.0742151573267324,-0.0549718183080436,-0.120624177653806,-0.0936831453311165,-0.0745550181854348,0.0314617510010628,0.0876729514929276,0.070160428340835,0.0323023930456089,-0.0458611976126425,-0.0814223600555873,-0.180043506124672,-0.162339122631853,0.0100797762985063,0.0757745030718744,0.102490927676531,0.0891995873380415,-0.0322754134896777,-0.124104981941699,-0.13855104428953,-0.104356789991824,-0.0147422561982745,-0.00819091120272848,0.00266335388397878,0.0226950307985463,-0.0812987728279453,-0.122918766000699,-0.188393987932941,-0.186267772843457,-0.0396329219247939,-0.0193383788435749,0.0926187588299403,0.0583861427876944,-0.0276741613107895,-0.104927728812958,-0.132103012858716,-0.060824629907367,-0.0279015848353233,0.0829205749169626,0.0290245935477258,-0.031267917102485,-0.0969417116549793,-0.162414189741205,-0.0995439524755851,-0.0943559027899219,-0.0390618597504724,-0.0249564692151518,0.0675102363823344,0.0937447755008565,0.062072494132978,-0.0128451818484148,-0.120014556585821,-0.0838150384579837,-0.049859244104123,0.0176251328917873,-0.0842978884373788,-0.216424027219319,-0.27330267981925,-0.355734725975134,-0.343947143423767,-0.339632506926593,-0.181740156862672,-0.21692138209326,-0.125301527920963,-0.207915228328064,-0.345066031807174,-0.404315521563686,-0.362661218088258,-0.317048822897827,-0.172090305672343,-0.18126918694152,-0.176733225276136,-0.306890894365447,-0.300565419254599,-0.395167553101152,-0.384120857504873,-0.296322179553104,-0.19030060316515,-0.132689216042914,-0.0280154085428806,-0.0448791590337546
55,0,0,0,0,0,0,0,0,0,0,0,0,0,0,0,0,0,0,0,0,0,0,0,0,0,0,0,0,0,0,0,0,0,0,0,0,0,0,0,0,0,0,0,0,0,0,0,0,0,0,0,0,0,0,0,0,0,0,0,0,0,0,0,0,0,0,0,0,0,0,0,0,0,0,0,0,0,0,0,0,0,0,0,0,0,0,0,0,0,0,0,0,0,0,0,0,0,0,0,0,0,0,0,0,0,0,0,0,0,0,0,0,0,0,0,0,0,0,0,0,0,0,0,0,0,0,0,0,0,0,0,0,0,0,0,0,0,0,0,0,0,0,0,0,0,0,0,0,0,0,0,0,0,0,0,0,0,0,0,0
56,0.000750870624157446,-0.0722003253440751,-0.048993431872512,-0.0105674036135086,0.00850680243398656,0.033017458094608,-0.0219841231671966,-0.0845020004638659,-0.125837221168978,-0.151859531018715,-0.0726401424394823,-0.0808377379807134,0.0174617054842155,0.0613933555418557,0.0760172087820263,0.0690719294611981,-0.00238400358933102,0.00695504386600184,-0.0146509769344732,0.0485754780648913,0.0409690162958084,0.0521061889486899,0.0602536117907254,0.0557696823257497,0.0439811909322725,0.0137308298982799,0.0703591583796467,0.0252332526499184,0.0877471319633336,0.0883943609022378,0.0632386589463191,0.0589469599664043,-0.002291485663363,0.0271414651638307,0.037349176521387,0.0835653799680679,0.144275062915227,0.122105959541625,0.153540889231984,0.106487197209488,0.0479766229026943,0.0216315142309534,0.0154397733532084,0.0443935389311485,0.0623783357685568,0.132605988631798,0.101970101315232,0.107182716869875,0.105122690465119,0.0710998229895192,0.0956458802069626,0.0690505198193164,0.0921656802884285,0.0396630808020096,0.0574429256114601,0.0542062385346598,0.0244054628841399,-0.0182836764333694,0.0260599024592941,0.0658625532162559,0.0913182222973469,0.116773815029498,0.0316556465865367,0.00728092277544275,-0.0770361564595013,-0.0310688746396734,0.0191710833299524,0.0495156405620823,0.100544169525259,0.0888114907101095,0.103365006765653,-0.00725762615210372,0.0618593063946915,0.0421384858550932,0.0689153214942214,0.0943820343497506,0.030942714437506,0.0796308916013138,0.0416180050508115,0.0355825162750704,-0.00205400323876229,0.00954160660120879,0.0600316262273031,0.0941788819668008,0.147768693608121,0.0827277297584767,0.0699507068976638,0.0519250918743495,0.0397988728254809,0.0657732302389511,0.0310555947008789,0.0763257667098143,0.0889673544096925,0.164012136899775,0.0866363496057329,0.071766826356906,0.0346199521499833,-0.00291352220429014,0.0772937837917421,0.0665416273003546,0.0938579172984322,0.0917372675498195,0.0736133283909585,0.0869185248807257,0.0502087575160825,0.0924332514982604,0.0927765011567627,0.091365896952732,0.133269963736914,0.0551283548975652,0.0351433158395338,-0.00784477568440201,0.000912371355653055,0.0242604040152634,0.0516235328195688,0.114048386527258,0.087017965730326,0.142688320596775,0.0606710852848031,0.0315895419100617,-0.0334787137131229,-0.0160770664209651,0.0652067074355243,0.079622183896437,0.153157908467679,0.0636196841930385,0.0739403269625114,0.0502667342540873,0.0466032739838147,0.0918728118455205,0.0762943907223949,0.0895430008229943,0.0703299734211655,0.0627839812336685,-0.0272184388800796,-0.0421920990919282,-0.0223085392424221,-0.000437735335509222,0.0725608768121777,0.0569395961630663,0.10585789863973,0.0704427150880619,0.0160370846539248,-0.0264744040731531,-0.0985659360118956,-0.0396226720538691,-0.0242681391930411,0.0244952927134372,0.0524805928689776,0.0214340569490387,0.0219983777704018,-0.0370586123508194,-0.034907727204404,-0.036254316042645,-0.0420585067449674,0.00111403461360121,-0.00195426744580979,-0.0384330824438971,-0.0491430868755584,-0.0617501592302919
57,2.1103400507111e-05,-0.00559549220999426,-0.00280620930660661,0.00587451012346318,0.01376088226799,0.0136854011962341,0.0092586507101241,0.00815628301257538,0.00478543758296709,-0.00561396433688821,-0.00297756646504328,-0.0052014103319715,-0.00101848107127169,0.0101778716832218,0.0125469234721956,0.000533609680645989,-0.000308765428081011,-0.00667187472045115,0.00180037165833017,-0.000596008481945513,0.0093642135250616,0.0138134825628215,0.0156538095201291,0.0104611576037763,0.000707484630106562,-0.00246481327158831,-0.0118539331889337,-0.00918931790536315,-0.000332055313104799,0.00451054303853842,0.0065087781819886,0.0107195422738845,0.00682990217766061,-0.00274402452224929,-0.00510706729996881,-0.00983472353029019,0.00368933760874347,0.0125383839125914,0.00947582931583448,0.0139765024867929,0.00618613541289943,0.00528597547222385,0.000211858571022226,0.0013789401400166,-0.00042035947648317,0.00109599153492312,0.00876798285153562,0.0155594202111729,0.0089517581657835,-0.00337784951278358,-0.00672495298619092,-0.00691640209630751,0.00410969550390695,0.0211289055222176,0.0216000454452118,0.00733387108019845,0.00836803240021492,-0.0065615142514244,-0.0016694691270298,0.00699105197630676,0.009393409320664,0.0138283603013065,0.0159737069498703,0.0104924324231383,0.00969249314436508,0.00257781745840087,0.00515950598969628,0.00402076310873038,0.010401275743048,0.0202981974237676,0.0182933967816411,0.0129823263896669,0.00326877432826686,-0.000631696742512452,0.000539188101979925,0.0182543048805385,0.0156404109943673,0.018415799363834,0.0179182954135182,0.00456998903485864,0.000228770389149754,-0.00169904649350794,-0.00193207041624546,0.00420654912997571,0.0105266658770309,0.0217887911484586,0.0115430544913699,0.0105074682987401,0.00461977493491437,-0.00511778773517732,-0.00124614368333065,0.00340026387180892,0.0132463906919444,0.0174665274665397,0.0221724182640067,0.0129051778233857,0.00201413903715917,-0.00369775878019822,0.00121216621585411,0.00931518261318664,0.0150768413781347,0.0223881719371633,0.0115623656496224,0.00605822151757202,-0.00162945152408447,-0.000890268299486579,0.00819600313621736,0.0119767401657395,0.0172610883243141,0.0202994123292216,0.0165973697269125,0.0114310729239661,0.00622569655426621,0.00789016738266766,0.00794403324946769,0.00629456023033331,0.0126131172594186,0.0186887600570505,0.0137292175176866,0.0092016043620087,0.00718785968998409,0.000277071474446272,-0.00356090265666938,0.00731767039133638,0.0150734226882928,0.0110428568901335,0.009380188344865,0.00724640867925532,-0.00480551350665068,-0.000228334068582063,0.00554824774880346,0.00445173839751108,0.0156133862795408,0.0243862780100895,0.0153869819071131,0.00536431762008336,-0.00774350045055078,-0.0080102982676367,-0.00133871368123748,0.0056684059946764,0.00822210947017612,0.014019985540665,0.0100232320591721,0.00935618600505133,0.0118023803887205,0.0109334866480454,0.00485296906662852,0.00266267409349461,0.00888009676778042,0.0194819691365862,0.0172066731878498,0.0132446071621468,0.00509682093845014,0.00155247587062384,-0.00688886019699251,0.00430566536706234,0.0112509508297395,0.011924658704071,0.0119327216753535,0.000486861323791
58,0,0,0,0,0,0,0,0,0,0,0,0,0,0,0,0,0,0,0,0,0,0,0,0,0,0,0,0,0,0,0,0,0,0,0,0,0,0,0,0,0,0,0,0,0,0,0,0,0,0,0,0,0,0,0,0,0,0,0,0,0,0,0,0,0,0,0,0,0,0,0,0,0,0,0,0,0,0,0,0,0,0,0,0,0,0,0,0,0,0,0,0,0,0,0,0,0,0,0,0,0,0,0,0,0,0,0,0,0,0,0,0,0,0,0,0,0,0,0,0,0,0,0,0,0,0,0,0,0,0,0,0,0,0,0,0,0,0,0,0,0,0,0,0,0,0,0,0,0,0,0,0,0,0,0,0,0,0,0,0
59,0,0,0,0,0,0,0,0,0,0,0,0,0,0,0,0,0,0,0,0,0,0,0,0,0,0,0,0,0,0,0,0,0,0,0,0,0,0,0,0,0,0,0,0,0,0,0,0,0,0,0,0,0,0,0,0,0,0,0,0,0,0,0,0,0,0,0,0,0,0,0,0,0,0,0,0,0,0,0,0,0,0,0,0,0,0,0,0,0,0,0,0,0,0,0,0,0,0,0,0,0,0,0,0,0,0,0,0,0,0,0,0,0,0,0,0,0,0,0,0,0,0,0,0,0,0,0,0,0,0,0,0,0,0,0,0,0,0,0,0,0,0,0,0,0,0,0,0,0,0,0,0,0,0,0,0,0,0,0,0
60,0.0105917077545738,0.0853551338228275,0.287835991353016,0.191574951493296,0.232589762762189,0.287848449614263,0.123863065892378,0.149855520953169,0.123255503647095,0.0927084993485057,0.0911006200602207,0.095489452264665,0.142925877057521,0.199801481309328,0.248289353752763,0.132801286099459,0.11597128253645,0.0384591126488418,0.0487651531540617,0.156352713647635,0.0817075686052228,0.122812596787101,0.0220570929141906,0.0882771812153747,0.0579248774997748,0.0182789099611486,0.111759906003924,0.0456025352364952,0.0870054503327694,-0.0281471331061078,-7.66747995909358e-05,-0.0613152950488614,-0.211190784529286,-0.113854813142514,-0.1510394204019,-0.118452147881227,-0.114915480956322,-0.0401471324640794,-0.107144595503108,-0.209638762938278,-0.193398589945359,-0.231478267047317,-0.112440310623177,-0.0927905704130908,0.0589479988158967,0.16107286085946,0.0131716503386533,0.011200070856123,-0.0315895476624416,0.0108811580105074,0.104727388951971,0.184179322596506,0.222027775010138,0.100232631663977,0.125862479872286,-0.0201555747190124,-0.0528318649680347,-0.0719301517381229,-0.0727070122381291,0.00415393175629787,0.129724199802067,0.0482952692048024,0.0295418443356315,-0.142240719448107,-0.181189759422941,-0.204406667334054,-0.231249532672312,-0.0918153431954248,-0.160201944031062,-0.123409062197006,-0.0568216356305936,-0.0630999867529567,0.0786456226147773,0.0545171942510049,0.0215171743491859,0.0277027237401108,0.054667906556047,0.0736118185216041,0.143086003005765,0.148142306643068,0.0544342456390943,0.102184063288854,0.165963237388187,0.241194107922859,0.303859863660146,0.160495703564055,0.167050253989693,0.0647490643946454,0.0541588612483794,0.0653122396819149,0.136594474880866,0.112335600834475,0.111178504260697,0.276396941831975,0.0502651021114071,0.186584141363843,0.0966344932071008,0.0344492957458241,0.10527793516826,0.050935508169156,0.195288481810362,0.130401154032665,0.120421356322644,0.0989269462755133,0.116864985312487,0.192566160704902,0.210360152795736,0.3094719555718,0.192302048349488,0.164914867560529,0.0526641357516814,-0.00187898095154831,0.108960781899606,0.0778506158970043,0.0998410798320262,0.128321047524024,0.16405536583885,0.22840761645683,0.221091140515,0.238467403273444,0.10274274720004,0.11306149199153,0.183470805569326,0.240673249343966,0.335566208823996,0.270120243149261,0.281136784241893,0.230250250039096,0.289490254939137,0.313340073110173,0.352493515854571,0.322645161546924,0.334299057199789,0.400230533714289,0.175495123936765,0.222245622880371,0.176642822439373,0.158317534658253,0.339049458939653,0.274617213713325,0.405414716239789,0.357825079434987,0.312906415024006,0.282820099336379,0.174307602627657,0.205291929985864,0.194608288350193,0.313539550805854,0.339905451304513,0.311329674729883,0.254097461700018,0.138365788777954,0.225509529560183,0.2176139673171,0.316046145700292,0.219039231583666,0.335774388128159,0.207344246752515,0.180460310044817,0.198296307475052
61,0.010652936403875,-0.341571063723031,-0.384069941764488,-0.287714460360587,-0.362825051191428,-0.443004837596418,-0.53769701975409,-0.548027721294795,-0.477210609402834,-0.470186261699735,-0.399074646915635,-0.419088585758345,-0.22239259409883,-0.338975396231343,-0.39901359009123,-0.374073687512416,-0.494392505087626,-0.443844035326109,-0.40808540564929,-0.442843145862888,-0.272584673072162,-0.466677837390508,-0.423586825787571,-0.478529632403782,-0.445680279634182,-0.374741112741076,-0.346527936450991,-0.36482552708193,-0.44350735470791,-0.395384909279617,-0.483743802151099,-0.499840906068201,-0.393461734916275,-0.421202868209006,-0.32662707808823,-0.298618086041381,-0.328171523796489,-0.396632350450166,-0.425791005723281,-0.406812006701179,-0.435996210649712,-0.386994167155037,-0.405901276531485,-0.310290963712275,-0.335557607749894,-0.305776915727329,-0.260867890908982,-0.367455571320866,-0.282377573016254,-0.288833006282728,-0.191681829429996,-0.0871381442519547,-0.107903404910368,-0.237858106780461,-0.364151733221936,-0.29120791128001,-0.367567801839078,-0.163064641516452,-0.0727196582659226,-0.107754838770138,0.0249160875153853,0.0269523981364504,-0.115482038027377,-0.11242916457252,-0.137165796324606,-0.0703925681758963,0.0610530442867742,0.0567604260186199,0.117703090292728,-0.0351205886237951,0.00392913945999989,-0.00998525875414034,-0.0172256256059981,0.0812096345467675,0.172011289164052,0.193310762405763,0.0493185014554297,0.0483125567956272,-0.0120826467872828,0.0431086917845383,0.145985526656316,0.123435258552402,0.197133808588157,0.124209074532674,0.116740341902657,0.10602654547762,-0.00536965338349939,0.0528462747847305,-0.00789247498521565,0.0916050107856269,0.13202834427772,0.0902306831563956,0.147881028701068,0.00866924002171839,0.00659834451598271,-0.0598613890075898,-0.0274290715444647,0.0337671607747787,0.0209819482232205,0.138313917731709,0.0573229508737546,-0.0246983692107114,-0.14662987151605,-0.114032024274515,-0.0556889798851036,0.0873486302494748,0.0596552819658091,-0.0492771718382116,-0.0594936904732936,-0.303699000092779,-0.194472103751552,-0.165440733758454,-0.103997521077379,0.0887674082980446,-0.00582365821377172,0.100393404175976,-0.0175116702477129,-0.0805247209397783,-0.111575049452119,-0.243427615351865,-0.0981200757570887,-0.0652779737508827,0.0279475062083675,-0.0545011552548032,-0.119140297973267,-0.195396687711372,-0.198694267975352,-0.0845531514896054,0.00175908129914582,0.0225638037631071,-0.0392640456041085,0.0245115678106726,-0.148541641148452,-0.25309373036992,-0.29308504156082,-0.439351723553079,-0.359232862373136,-0.30743273549833,-0.175093600402076,-0.252024909736438,-0.228144372327107,-0.282680050146486,-0.354897627610669,-0.400153906852085,-0.358210547248287,-0.370928493527806,-0.204887632734338,-0.320000066862673,-0.3577225717024,-0.489450645667586,-0.522933178170344,-0.529118140233295,-0.622415175695425,-0.441903391439016,-0.419019083496669,-0.433237810940031,-0.460216841380085,-0.503929558556739,-0.464234327449143,-0.562724714120174
62,0,0,0,0,0,0,0,0,0,0,0,0,0,0,0,0,0,0,0,0,0,0,0,0,0,0,0,0,0,0,0,0,0,0,0,0,0,0,0,0,0,0,0,0,0,0,0,0,0,0,0,0,0,0,0,0,0,0,0,0,0,0,0,0,0,0,0,0,0,0,0,0,0,0,0,0,0,0,0,0,0,0,0,0,0,0,0,0,0,0,0,0,0,0,0,0,0,0,0,0,0,0,0,0,0,0,0,0,0,0,0,0,0,0,0,0,0,0,0,0,0,0,0,0,0,0,0,0,0,0,0,0,0,0,0,0,0,0,0,0,0,0,0,0,0,0,0,0,0,0,0,0,0,0,0,0,0,0,0,0
63,0,0,0,0,0,0,0,0,0,0,0,0,0,0,0,0,0,0,0,0,0,0,0,0,0,0,0,0,0,0,0,0,0,0,0,0,0,0,0,0,0,0,0,0,0,0,0,0,0,0,0,0,0,0,0,0,0,0,0,0,0,0,0,0,0,0,0,0,0,0,0,0,0,0,0,0,0,0,0,0,0,0,0,0,0,0,0,0,0,0,0,0,0,0,0,0,0,0,0,0,0,0,0,0,0,0,0,0,0,0,0,0,0,0,0,0,0,0,0,0,0,0,0,0,0,0,0,0,0,0,0,0,0,0,0,0,0,0,0,0,0,0,0,0,0,0,0,0,0,0,0,0,0,0,0,0,0,0,0,0
64,0.00384765675093671,-0.109017009784483,-0.015227655703676,-0.0199016691312564,0.0135422749873276,0.0222460470050674,-0.0908126354223333,-0.109595403493635,-0.170302298718327,-0.172043421855985,-0.0735160361962068,-0.0533971931243501,0.0812954171097107,0.0601530765757431,0.127438959178891,0.0677116359266533,0.00106447973744298,-0.00097134124489804,0.0401091012998991,0.172752041741155,0.152892724752152,0.170091608115747,0.0582315255963365,0.0361408241700405,-0.00794711566585545,0.00106671849749756,0.156226381772981,0.0934674919955961,0.226641203822958,0.166784636707742,0.128364622107364,0.0941788457093783,-0.00974222682238991,0.0683890568380399,0.0832850942495616,0.218526910485543,0.26518455569671,0.26537894071447,0.243885893764796,0.138681781109502,0.0898880700384156,0.0204616310429525,0.0861814643575766,0.13021506104951,0.202044772856423,0.284528391890209,0.158475164587619,0.181456046938675,0.0980362042109495,0.131985635999361,0.181114956342816,0.210338155255419,0.250088762328537,0.121247815655816,0.150332748782895,0.0352429102207703,-0.0103881535654558,0.0360040285432242,0.0335329976337396,0.117042061210224,0.155548096460311,0.221983816290533,0.170212232712742,0.0659335712642535,-0.0926046855689088,-0.0184480583942368,0.0415763932220038,0.182849094861033,0.155675832341605,0.136967414731571,0.137105718654236,-0.00904701917652314,0.141528131330689,0.104075743152503,0.210791090416266,0.198387866882678,0.1464423399475,0.140417602337774,0.0389175064785272,0.0466493132673735,0.0113733132176862,0.109873148224805,0.20821837382908,0.275659057886164,0.304543024420259,0.174478930897736,0.128115190651664,0.0268067647298328,0.079359198112883,0.134945806084309,0.150962081311513,0.253725092948367,0.238703619151646,0.319125927742105,0.116024686180628,0.127484876160033,0.0907071601359182,0.0835109658695031,0.230435814610522,0.212870815318964,0.278639293824999,0.172191906746166,0.14150438283591,0.12941817197267,0.105322893527922,0.224369268249877,0.228673002152761,0.28075183194236,0.24104133529102,0.133722071747961,0.0938668662654017,0.0169752521037317,0.0905311105019029,0.101664911721418,0.181454142940634,0.196713033152737,0.201683520317456,0.225834776469688,0.0722263665664517,0.0460967308081836,-0.051198085636629,0.054559335901631,0.140101185982966,0.163532090760457,0.216580986163463,0.0399993229138164,0.0574383559433053,0.00467679909066326,0.0837860103817086,0.134685705432007,0.17375678814732,0.205946652512506,0.0737252831181385,0.0599891045012968,-0.139742069820297,-0.156057722614146,-0.0663381434132656,0.00966215835994648,0.182328385551944,0.131314579374782,0.23601916208384,0.112578942733178,0.0376367109583228,-0.0601447765737728,-0.136042621433258,-0.0207925560590603,-0.00921943510851583,0.0974565390034834,0.0777048366647489,0.0418845627062635,-0.0070871936284638,-0.1278871692572,-0.0904374291600593,-0.0896305656137443,0.00296540724414071,0.0566717942425328,0.0659227839965335,-0.0473958863162501,-0.12430356065896,-0.103654113838604
65,0,0,0,0,0,0,0,0,0,0,0,0,0,0,0,0,0,0,0,0,0,0,0,0,0,0,0,0,0,0,0,0,0,0,0,0,0,0,0,0,0,0,0,0,0,0,0,0,0,0,0,0,0,0,0,0,0,0,0,0,0,0,0,0,0,0,0,0,0,0,0,0,0,0,0,0,0,0,0,0,0,0,0,0,0,0,0,0,0,0,0,0,0,0,0,0,0,0,0,0,0,0,0,0,0,0,0,0,0,0,0,0,0,0,0,0,0,0,0,0,0,0,0,0,0,0,0,0,0,0,0,0,0,0,0,0,0,0,0,0,0,0,0,0,0,0,0,0,0,0,0,0,0,0,0,0,0,0,0,0
66,0.00011785726304955,-0.0270138503983373,-0.00688820132102399,0.031040807475347,0.0153628636042618,0.00553797734306211,-0.0214463206601456,-0.0164916787720393,-0.0328831941446931,-0.0210941350317773,-0.019568102075325,-0.00396741047144446,0.0174825090586623,-0.000140398613440683,0.0113641206906895,-0.0420908576707359,-0.0236357247183814,-0.0330472986555981,0.00136874011287277,0.00680509112834462,0.0089605891565143,0.0156027830502543,-0.0173077738176825,-0.0141800092684566,-0.0389137377488751,-0.0178033366191451,-0.0131483053452734,-0.0117372861607857,0.0114369189328121,-0.0138373955780252,-0.00578681499810129,-0.0161456339175325,-0.0187312412450951,-0.0208564622259646,-0.0246638221006705,-0.00233375420601558,0.0021759545616277,0.0188079018455707,-0.00745285733381443,-0.0220975536711265,-0.0277756867270068,-0.025128790690379,0.000936441669346874,0.00348903926681899,0.00948886240644826,-0.00721378968649963,-0.0155721093084195,-0.0177541637027059,-0.0198256653797108,-0.000419836023341903,-0.025872429895246,-0.00149327301596257,0.0126870665387179,-0.00355514940243578,0.0161634735244684,-0.0206024495003344,-0.0153751066094331,-0.0200939433579385,-0.022497140105169,0.00700043820230419,0.00283723576834881,0.00142133572631905,-0.0097612814247542,-0.0023825901943358,-0.027524411188571,-0.00697782052690915,-0.00142033459014196,0.0223520003165418,-0.00140361610703644,0.00134856499567279,-0.015487686289649,-0.0151543438351125,-0.0187800172100825,-0.0170822377365153,0.0232392133776776,0.00740621646202059,0.0125514720637632,0.000835377248996204,-0.0219356434006136,-0.0158202576731299,-0.0281864915190394,0.00201936972105773,-0.0151540250915392,0.0090213013422483,0.00482511328958416,0.00131441787557834,-0.00459167009024885,-0.0271822698511494,-0.0185914868370256,-0.0325535718890603,0.00972013119297635,0.00813763772386937,0.0115191527925599,0.0051363062368391,-0.0235982076078511,-0.00681682900135059,-0.0144326004068979,-0.00532251304366929,0.0122794685193044,0.00440245237461895,0.00759158056296788,-0.00383894807237483,-0.0160419738735653,-0.0151613568046882,-0.0168252615410825,-0.00854632234334048,0.00047838018488167,0.0209157861671485,0.00348541659345042,0.007386071476365,-0.017258895204443,-0.0186704054052074,-0.0153834967948165,-0.0138920617186156,0.023417446318662,-0.00196297325366621,-0.0204360141319387,-0.00158344000139101,-0.0186439405662929,-0.00830437898217415,-0.0284153128248213,-0.000246705567722793,-0.00872848233086937,0.0135410633148926,0.011754262983195,-0.0128722048842408,-0.0202383979525786,-0.0354374234992407,-0.0145441874293441,-0.0157195283595607,0.00901909237761632,0.00639405552148766,-0.00182088172341588,-0.000182101343770783,-0.0149114977153063,-0.0223049987151488,-0.0326700704110596,-0.0144513190268598,-2.831455347035e-05,-0.000465861656847985,0.0142512661279074,-0.0185975368027265,-0.00442201583164149,-0.0250910294972377,-0.0109133072894677,-9.97707890576669e-05,-0.00808894216257786,0.0236412313384439,-0.00198042153527399,-0.00305262540802375,-0.0252203763471561,-0.0230108225188747,-0.0129750786238673,-0.00519452001649977,0.0145083400475723,-0.00343280114415551,0.00558914715686327,-0.0102755642515862,-0.018499827736428,-0.0181771231728288
67,6.6184238956321e-05,0.00315046140335853,-0.00140771037508779,0.000943701128385012,-0.00173769457995467,0.000225236602127159,0.00132540373048551,-0.000134442968587331,0.00470940197355532,0.00361969774642897,0.00354873489568479,0.00173635093757267,0.00116932488172386,-0.00102166370451273,-0.000509174539821901,0.00303661348063041,0.00120978899702692,0.00561783930805066,0.000703684806384406,0.000562926406577464,-0.000646120381957121,-0.00155495303970359,0.00265210642675095,0.000460366386949613,0.00519168764255986,0.00273355985410844,0.000481062554363514,0.000831144811444951,-0.00171651545090983,0.000554835083473978,-0.00104470804836831,0.00363718127095603,0.00208816981543899,0.00257786083011898,0.00336208592426752,-0.00120383517240764,-0.00138708072292831,-0.00249774145296049,0.00128741029864271,0.00144766131459297,0.00281592130761716,0.00377740674643481,-0.00170328374440773,0.00108181891077767,-0.000467679533725539,-0.000583724699803204,-0.000728311026897955,-0.000435904721575063,0.003152920473044,-0.00100260695669143,0.00183870607992656,-0.00285109375661255,-0.00356513678243902,-0.00106538053518256,-0.000115929476932483,0.00257431164205812,0.0012227554849018,0.00399577272465874,-0.00110403513451614,-0.00107947379401996,-0.00141318801339,-0.00296039120864856,0.000665543379712289,-0.000833699345447297,0.00390191691673345,0.000532603209859047,0.00162682073003381,-0.00175549034261837,-0.00122920515737378,-0.000545089913758601,0.00313407548585906,0.00355417527386723,0.00184214669685043,2.71779517673708e-05,-0.00337964737221538,0.00026413683282667,-0.00244422215736405,0.000269406476955653,-0.000330466761042996,0.00113582595206548,0.00413089431235671,-0.00114999444847951,0.0002771099812805,-0.00552148400115117,-0.00089557673094656,0.000654544465801897,0.00236169030579759,0.00420081182500033,0.00156150395928701,0.000915261318867464,-0.00206703108083523,-0.000689102092979443,-0.000681763213631222,-0.000163825694244409,0.00353522789736986,0.00103341526603698,0.00273802995063781,0.000122608530326404,3.46042798883924e-05,-9.41784093241076e-05,-0.00057698695294006,0.00220426045052728,3.92946031837175e-05,0.0032138631741478,0.00364562154660127,0.00188080215029747,0.000922064646654207,-0.00315406424134436,-0.00286608489058446,-0.000238939051891163,0.00515349542024599,0.00329909783506477,0.00216695979761031,0.00145462005834825,-0.00338525745737079,0.000230496986669993,-0.00229832762779967,0.00143137299000201,0.0009781529098263,0.000896118089274801,0.00422137462431652,0.00108118471361387,0.00174072189549565,-0.00170201539099147,-0.00226372346024153,-0.000396352439623055,0.000125754963809417,0.00546989010370264,-0.00148504201157407,0.00374178416147716,-0.00400960983376271,-0.00407280316568058,-0.00162100743601167,0.000495372787168533,0.00485376202231827,0.000761699768447962,0.00509368630927903,-0.00190402716430165,-0.00129193310711357,-0.00158993744328921,-0.00256143934703819,0.00100040809609644,-0.000184815227280169,0.00351395385663415,0.000285370760210721,0.00105889762621208,0.00176093219962958,-0.0019968540597484,-0.00129635137815437,-0.000226772059358234,0.00350947561694242,0.00134662599571397,0.00400869621810821,0.00267710128547222,-0.00170885690223836,-0.000357358845744651,-0.0043245024736414,0.00338339819180139,0.00125246485846588,0.00215048866515282
68,0.00960308984614605,-0.407405109285431,-0.508986273669791,-0.357929249226522,-0.446902685123833,-0.507012698036953,-0.549904770211144,-0.638575649042769,-0.599843242009155,-0.691541029377975,-0.669630179614089,-0.614976128083996,-0.539069631639379,-0.467971064128847,-0.217988635831392,-0.0832605753456864,-0.182176127354764,-0.194450898767336,-0.210289478553698,-0.189551890528933,-0.291755188096554,-0.405855697183405,-0.407827399008142,-0.338275349064893,-0.513768044748959,-0.367685099898119,-0.324928724191962,-0.259845863433727,-0.233651030234692,-0.258534705729071,-0.255670244903095,-0.276574262557644,-0.113777201753912,-0.0652605372392921,-0.0176449779011652,-0.129334861209378,-0.100163238969207,-0.0714367856877585,-0.13770057993619,-0.232561369259276,-0.265666978541344,-0.312867664711915,-0.267584209968782,-0.224646648215778,-0.253984961708949,-0.187945766863271,-0.176003869576004,-0.143226424187962,0.0557973282479861,0.0777897754811878,0.055482533915409,0.0427131773435506,0.00690481101506001,-0.173909296266797,-0.223384880702026,-0.215705160977705,-0.233398370123495,-0.109082691859135,-0.136823529327124,-0.16999792995318,-0.13592937013039,-0.0370079223271543,0.0810443447331467,-0.00330334693259697,-0.0902082613447152,-0.000932516385614492,-0.0367580296091747,-0.0561249551273888,-0.0684539557270183,-0.156198606188155,-0.122914645054367,-0.0450099293949494,-0.108115068734344,-0.0459613109395596,-0.122267232586749,-0.0843391443658841,-0.134920270469697,-0.227264306883598,-0.0757754262578533,0.0221364664512963,0.09326038514608,0.124837822906563,0.1268354455283,0.0215560664290841,0.0523389030882523,-0.0617443860250522,-0.111430967578576,-0.0857753860350689,-0.106257887799889,-0.100640697902914,-0.0871540816046874,-0.0805587552495264,0.00859305337570424,0.0346254682416707,0.0113732786053404,0.0796411403440525,0.0542082519560123,-0.00608600011779106,-0.166378146608325,-0.14033023723776,-0.21460523214162,-0.258484442313446,-0.145012172160703,-0.0937543853891418,-0.091249432155945,-0.12366167138053,-0.152822384253151,-0.157185335601694,-0.169561059697031,-0.29234232872648,-0.191743633532386,-0.327023060366144,-0.259414186124686,-0.218502060872829,-0.209468829320437,-0.185677457724084,-0.28499663604151,-0.266061689262965,-0.274967039523958,-0.343154122440113,-0.30648196430447,-0.359462719813489,-0.351483795596104,-0.39426106117245,-0.344089038292656,-0.340682846574513,-0.317618373509608,-0.329264065470353,-0.142962406103187,-0.211430251136755,-0.295778605738161,-0.333815652306268,-0.568841310352975,-0.593553627915912,-0.633202617037395,-0.6789715002727,-0.636685985401406,-0.541442303791919,-0.376511711769705,-0.422981464864401,-0.369477834638319,-0.39967026619176,-0.364970883238031,-0.543085004318427,-0.553105078890559,-0.568810403162809,-0.561609864206476,-0.584825018015119,-0.539532220405467,-0.615965206513503,-0.555753017549905,-0.66570672253438,-0.633210992597977,-0.658309967618896,-0.747525144132711,-0.853476121748358,-0.792390426322155,-0.767679226563694,-0.583817333875426,-0.574132036413009
69,0.00564385685228981,0.0834565429871867,0.20104954468734,0.216937573429813,0.370354212235306,0.375676251570568,0.286795547535423,0.143781680825902,0.0831582678797396,-0.00499930657446691,0.0737996560415268,0.110187670135724,0.282794769150414,0.280710096531925,0.246794362146942,0.181275553178319,0.0577429528948534,0.0199833981873295,0.0833969039429417,0.13535407581025,0.173163757727839,0.236198173523351,0.208571364647443,0.117070732476359,-0.0264871715688064,-0.0981580731356697,-0.0827393953399981,0.059814817778913,0.16216130602212,0.124875197947911,0.132032785763729,0.00322416660097942,0.0054866366829427,0.00677129845233811,0.0369274862286337,0.0640272131480283,0.241812154797692,0.298412847577974,0.295252708049186,0.204544497256125,0.0180527252789062,0.0122637577317315,0.0120605171074588,0.0214869726955394,0.11156403621165,0.164172505536016,0.100575077330805,0.0448011885583719,-0.0670859946105984,-0.129313115714579,-0.0411862189679822,-0.0419973521781126,-0.0180385115761725,-0.06127075154807,-0.116609132227505,-0.15059128281997,-0.257703983523286,-0.402209332074725,-0.425228525734683,-0.389501289546973,-0.165991450821044,0.0249237909512834,-0.0312546888643522,-0.200554282606727,-0.237833222257121,-0.29908111303942,-0.349239284020563,-0.237762091631027,-0.0907215785982255,0.0372395408054567,-0.0384407546409641,-0.161399352996422,-0.157913554010492,-0.21162548074031,-0.0730412850533197,0.119646832621626,0.110239913513786,0.12611696091321,0.0502712496004283,-0.0698843112871785,-0.0760514102054661,-0.0503339883454073,0.020821285357149,0.185911474557878,0.237083612874919,0.148049933293868,0.121255931203352,0.123057901021107,0.12697228328896,0.199197313037752,0.297490609975188,0.261900723946673,0.370553365967772,0.424681787397039,0.340779895671728,0.238341237659908,0.13198008113603,0.205756279217402,0.261848023987652,0.389276298643964,0.449165937557111,0.32476102432594,0.171202369724812,0.1465100833365,0.186472006299665,0.215873548903924,0.333234073222314,0.362588162225961,0.421405897340408,0.379241992047617,0.295012467814117,0.192302563941918,0.203510404638529,0.23062878681632,0.306820158421134,0.382066610336478,0.3850635798757,0.410508432111534,0.326662252495268,0.178788735596347,0.172835965637024,0.261272404846297,0.372506346923724,0.486311102424515,0.499422506423961,0.40793771681862,0.341621582290112,0.248436369319389,0.246499153552406,0.391353418357993,0.414590424607141,0.400306196639554,0.402572252525449,0.338453950029807,0.10663789741042,0.0260347528652182,0.0315053321583995,0.123805897351968,0.319853169013545,0.333032007585353,0.390298783987891,0.312454211461779,0.28838582591443,0.169597613084445,0.151142397257732,0.14752032190121,0.177793511062499,0.158052682391401,0.240860861601931,0.213220982892684,0.121314166978033,-0.0296995402247672,-0.0128183880594949,0.0375330256883173,0.0927838443065354,0.12519533609308,0.159535024348481,0.151486279981377,0.0943199502796382,-0.0592403462051244
70,0,0,0,0,0,0,0,0,0,0,0,0,0,0,0,0,0,0,0,0,0,0,0,0,0,0,0,0,0,0,0,0,0,0,0,0,0,0,0,0,0,0,0,0,0,0,0,0,0,0,0,0,0,0,0,0,0,0,0,0,0,0,0,0,0,0,0,0,0,0,0,0,0,0,0,0,0,0,0,0,0,0,0,0,0,0,0,0,0,0,0,0,0,0,0,0,0,0,0,0,0,0,0,0,0,0,0,0,0,0,0,0,0,0,0,0,0,0,0,0,0,0,0,0,0,0,0,0,0,0,0,0,0,0,0,0,0,0,0,0,0,0,0,0,0,0,0,0,0,0,0,0,0,0,0,0,0,0,0,0
71,0,0,0,0,0,0,0,0,0,0,0,0,0,0,0,0,0,0,0,0,0,0,0,0,0,0,0,0,0,0,0,0,0,0,0,0,0,0,0,0,0,0,0,0,0,0,0,0,0,0,0,0,0,0,0,0,0,0,0,0,0,0,0,0,0,0,0,0,0,0,0,0,0,0,0,0,0,0,0,0,0,0,0,0,0,0,0,0,0,0,0,0,0,0,0,0,0,0,0,0,0,0,0,0,0,0,0,0,0,0,0,0,0,0,0,0,0,0,0,0,0,0,0,0,0,0,0,0,0,0,0,0,0,0,0,0,0,0,0,0,0,0,0,0,0,0,0,0,0,0,0,0,0,0,0,0,0,0,0,0
72,0.0116650014514235,-0.158389263567096,-0.178783001923141,0.142961029064564,0.195108904058813,0.00642901746467356,-0.00983667620443201,-0.152821242088012,-0.181387707949622,-0.248415991492459,-0.142974336426241,-0.026808746213253,0.0543721220811271,0.0795227690282169,0.0777582218182984,-0.150224694720744,-0.39626441084062,-0.151646167610666,0.12147795824051,0.189111806595565,0.328837953732502,0.355107257618851,0.149706218489288,-0.0334300903030233,-0.128679116742412,-0.213907836101447,-0.196445290078091,0.167281708390987,0.114508551158694,0.119027356110904,0.104403414990458,-0.262592026300881,-0.279036076502448,-0.333781236013214,-0.135923368630525,0.0058322857315775,0.231266681427478,0.187326805938633,0.101904948753806,0.0290530546672821,-0.0890234540551731,-0.0293590900169455,0.0313886381724721,0.21628954695088,0.296292154123003,0.23193225480885,0.16035163271471,-0.0522798326970441,-0.238102129187155,-0.236776905979399,0.0260816576186606,0.257226515852877,0.387996230606787,0.472965397911033,0.260064846014726,0.117372996583145,-0.111307314311982,0.0119498198957006,0.0703068445905209,0.176259105109828,0.400042801197007,0.352502909823957,0.315177707998831,0.0671733443881615,-0.0135405952449944,-0.158218157401893,0.0157633458168991,0.191730144925748,0.250371564574939,0.348521805808976,0.254842147932944,0.0272037572665532,-0.0636397117936524,0.119606579975111,0.307398307067107,0.249859780775256,0.386231468563151,0.217171056697077,-0.0278810765696477,-0.197640044204851,-0.121650870994225,-0.0702711530634724,0.0398355920719161,0.136611659377898,0.114532627610312,-0.075122564980877,-0.302715620298295,-0.153019407091286,-0.221884438753351,-0.146466842277981,0.0122810606086527,0.0630881729728487,0.150120837033955,-0.016631053008783,-0.224911275671757,-0.314061981327173,-0.335209565890627,-0.140563068097401,-0.0243581937288175,0.259714894702416,0.174343810720508,-0.0625239543528585,-0.298729948796143,-0.392553082474102,-0.333879378856067,-0.21558905440226,0.0824149183396273,0.0548349981986378,-0.0306324763533305,-0.0916194508942089,-0.210541479345135,-0.308386895950631,-0.261899853234758,-0.130749530750188,-0.248504416851395,-0.00440616465642061,-0.0355568740948156,-0.142995392602018,-0.352302650885157,-0.526835030111974,-0.393610365376388,-0.312087384395847,-0.0735548008537357,0.0365854190252457,-0.0773228771725675,-0.221433471663465,-0.449436703107588,-0.571723401622476,-0.522719862547848,-0.372768231161015,-0.293153472208606,-0.27811568312433,-0.318393856856186,-0.529598409120911,-0.831223285199917,-0.774239013694023,-0.829365815590255,-0.491587342318694,-0.469061849296555,-0.264559060157615,-0.270841464300353,-0.532855741626068,-0.697368148773128,-0.494925281039121,-0.310297776620323,-0.306515513458074,-0.0848646493287381,-0.150573516087213,0.0619466032900311,-0.079239039402991,-0.284213681648567,-0.455956575670692,-0.521155200022224,-0.256733066278727,-0.0720264265894918,0.0518221617321683,-0.00612081011649411,-0.180738473840235,-0.283194550162554,-0.37322983224447
73,0.00554969876242275,-0.186589801424792,-0.190329276629193,-0.135004851670011,-0.0754565024839393,-0.0122159949940554,0.0491027104150154,0.0162220090999569,-0.0983697659482863,-0.259462001126804,-0.259110948513901,-0.202810059255974,-0.0278072666715893,-0.00074257401142567,0.119896151838056,0.0812183407782421,-0.0128540768630814,-0.179366258822305,-0.241459866320211,-0.152113878651838,-0.0326478351873578,0.00781120836711107,0.0313766171563809,0.0197366082982188,-0.128809137686697,-0.0478216834874118,0.0685216131892946,0.0342504017479072,0.109049307955206,0.214103369432975,0.243450961094671,0.203365035328747,0.180989285179516,0.00780694137334751,-0.066220644658069,-0.013781037911732,0.129146981929934,0.170618135954386,0.275090722176825,0.222479126258496,0.0109543936677124,-0.0676358448138047,-0.0641444472203817,-0.026396392735138,0.0304969024493808,0.199380562906778,0.154621536215965,0.131678155829184,0.0734225078578453,0.0309779568187282,-0.0416190933675926,0.0102293777004829,0.034216151773409,0.0357492703891359,0.125941078954176,0.132330370774883,-0.00813422203165874,-0.107069243323121,-0.0922414863168445,-0.0935669715346211,0.050195701208005,0.217091816484194,0.345008129256749,0.155146490066493,-0.00128422095294373,-0.169651714903245,-0.224184927633828,-0.181697132352247,-0.0340679662825537,0.0919654357546608,0.0925129505117071,0.116449887674405,0.047140218699882,-0.0127369029132969,0.118233867524945,0.121902638277439,0.18354062071877,0.22659382020163,0.190627183557003,0.0728054180383364,-0.00734656258287411,0.00906612814641292,0.0426689072687111,0.137549027060292,0.235939968294472,0.307495191102512,0.185997215552414,0.0736877362052517,0.0800762331293282,0.028646395209809,0.012471064019789,0.133656238998842,0.290482501412698,0.311889544212066,0.216737587364245,0.106753626356635,0.00734515698165227,-0.0528150792728578,0.00620049658954962,0.0814238139297767,0.147363997193248,0.127990112768793,0.112053128191892,0.0180076382513278,-0.0429019200720097,-0.0351033071204442,-0.0102236314196528,0.110095212977635,0.204711675726139,0.112722250733136,0.0250429497228151,-0.0410552898399182,-0.117609828091281,-0.126505993910532,-0.0873811056701285,0.0166154596952758,0.0679487519410244,0.199665416597142,0.216824284956805,0.0276453980655715,-0.122717978129335,-0.109468967833594,-0.0816366664227092,0.00781868259075544,0.198650855889765,0.12551533474993,0.0479298770458683,0.0327416470194518,0.037068260486742,0.0211591187948634,0.0252084918192731,0.0980361725256687,0.0325580077852954,0.0264334191452784,-0.129516486500129,-0.236807343425643,-0.314687309320293,-0.228218734198402,-0.196416448812345,-0.172119636949691,-0.019461861468021,-0.0257962224345198,-0.0676816227677881,-0.316173344834424,-0.441336029160642,-0.472626163166842,-0.425580495325513,-0.385076455210475,-0.317758151369524,-0.349120507613333,-0.428914213628381,-0.442244896210389,-0.414700294208082,-0.438021731281524,-0.382762515445096,-0.0821065150862694,0.00817987684543481,-0.0545425968280602,-0.11369005022085,-0.194974760673625
74,0,0,0,0,0,0,0,0,0,0,0,0,0,0,0,0,0,0,0,0,0,0,0,0,0,0,0,0,0,0,0,0,0,0,0,0,0,0,0,0,0,0,0,0,0,0,0,0,0,0,0,0,0,0,0,0,0,0,0,0,0,0,0,0,0,0,0,0,0,0,0,0,0,0,0,0,0,0,0,0,0,0,0,0,0,0,0,0,0,0,0,0,0,0,0,0,0,0,0,0,0,0,0,0,0,0,0,0,0,0,0,0,0,0,0,0,0,0,0,0,0,0,0,0,0,0,0,0,0,0,0,0,0,0,0,0,0,0,0,0,0,0,0,0,0,0,0,0,0,0,0,0,0,0,0,0,0,0,0,0
75,0,0,0,0,0,0,0,0,0,0,0,0,0,0,0,0,0,0,0,0,0,0,0,0,0,0,0,0,0,0,0,0,0,0,0,0,0,0,0,0,0,0,0,0,0,0,0,0,0,0,0,0,0,0,0,0,0,0,0,0,0,0,0,0,0,0,0,0,0,0,0,0,0,0,0,0,0,0,0,0,0,0,0,0,0,0,0,0,0,0,0,0,0,0,0,0,0,0,0,0,0,0,0,0,0,0,0,0,0,0,0,0,0,0,0,0,0,0,0,0,0,0,0,0,0,0,0,0,0,0,0,0,0,0,0,0,0,0,0,0,0,0,0,0,0,0,0,0,0,0,0,0,0,0,0,0,0,0,0,0
76,0,0,0,0,0,0,0,0,0,0,0,0,0,0,0,0,0,0,0,0,0,0,0,0,0,0,0,0,0,0,0,0,0,0,0,0,0,0,0,0,0,0,0,0,0,0,0,0,0,0,0,0,0,0,0,0,0,0,0,0,0,0,0,0,0,0,0,0,0,0,0,0,0,0,0,0,0,0,0,0,0,0,0,0,0,0,0,0,0,0,0,0,0,0,0,0,0,0,0,0,0,0,0,0,0,0,0,0,0,0,0,0,0,0,0,0,0,0,0,0,0,0,0,0,0,0,0,0,0,0,0,0,0,0,0,0,0,0,0,0,0,0,0,0,0,0,0,0,0,0,0,0,0,0,0,0,0,0,0,0
77,0.0140506038458261,0.00064404187829101,0.0521010544237144,-0.0842061273862946,-0.151757924432988,-0.406816383208279,-0.516511820546223,-0.526856506641498,-0.495136357703517,-0.444996922999426,-0.304620451074635,-0.17102925057762,-0.0383004459244434,-0.103173871134128,-0.0528154856113514,-0.046468493555787,-0.0611614331424588,0.117444594087882,0.209835396922986,0.14224233072385,0.0968173415735346,0.0494497999774479,-0.106269976687154,-0.0866001322424683,-0.0225147863677707,0.147239417157171,0.110811689666026,0.0505780738266703,0.0851646859131426,-0.0584911644267758,-0.0044163075134153,-0.128183990641192,-0.0610101163393823,0.0321236896804882,0.125467794086641,0.281051214514096,0.238252116703685,0.114004248441958,-0.0672168995974628,-0.128036006126034,-0.215209024014124,-0.176064621785526,-0.26435466434227,-0.205878814816845,-0.124192189758586,-0.0222750870782088,0.0400702439455151,0.0676160293855605,0.111917505828174,0.302000302182673,0.297650634695435,0.272173994145218,0.176512060407425,0.0358900769551358,-0.0197584378208242,-0.027343700857827,-0.00755222734584501,0.121584266779003,0.272105000181074,0.257474115492245,0.248715949462534,0.209591108133279,0.166495017765414,-0.0110549485276631,-0.0208622412270278,0.0449979783072805,0.0311776478868916,0.231727316707087,0.2570285183337,0.225140291085606,0.0664971419253204,0.114126069113116,0.11852583008558,0.163835505544187,0.320634279019131,0.357798842782822,0.179872796035526,0.0109934858193385,0.0369339982583724,0.0908592443910204,0.236586772521141,0.346426563697036,0.325266291674998,0.253893292326077,0.167123711050587,-0.0131713011200009,-0.252772469448283,-0.191998049170301,0.0567175298006679,-0.00618215178304065,0.109057138406726,0.173031437786978,0.127504973870465,0.0811506662267357,-0.0551105529999876,-0.0521545818040972,-0.131199314252332,0.0490357823715406,0.203196190857384,0.168242768769654,0.119474204779773,-0.108199406421487,-0.0162828732892568,0.0695129141357238,0.176626385504091,0.269852796272845,0.204717340554637,0.0484942119150941,-0.167174029253282,-0.226031696729067,-0.217868638278038,-0.157445224556193,-0.0443571357494354,0.172909753419267,0.0905658200124001,0.0144815081958318,-0.102475670563364,-0.15973264576922,-0.258280198279133,-0.43615177616843,-0.40037658005592,-0.306629653507735,-0.238214684199221,-0.21839239056173,-0.35891695724194,-0.583517230284824,-0.539036669089648,-0.374363197710699,-0.285008156033333,-0.265760238532912,-0.300295582609868,-0.450487176990838,-0.788714573775249,-0.821051830115662,-0.982071317473519,-0.978892758072402,-0.787863400947327,-0.345638899672529,-0.130993453570695,-0.270787802645619,-0.166734132092501,-0.239587140834479,-0.324223145654601,-0.490786967585852,-0.389225768477403,-0.350076312540216,-0.298656027116753,-0.227016654013703,-0.3251843863296,-0.401565852228218,-0.401830633646721,-0.406973823271098,-0.388015581495767,-0.334158341777944,-0.2830681137521,-0.298590367540896,-0.294371343185762,-0.448369697356662,-0.276291963183742,-0.237578468683667
78,0,0,0,0,0,0,0,0,0,0,0,0,0,0,0,0,0,0,0,0,0,0,0,0,0,0,0,0,0,0,0,0,0,0,0,0,0,0,0,0,0,0,0,0,0,0,0,0,0,0,0,0,0,0,0,0,0,0,0,0,0,0,0,0,0,0,0,0,0,0,0,0,0,0,0,0,0,0,0,0,0,0,0,0,0,0,0,0,0,0,0,0,0,0,0,0,0,0,0,0,0,0,0,0,0,0,0,0,0,0,0,0,0,0,0,0,0,0,0,0,0,0,0,0,0,0,0,0,0,0,0,0,0,0,0,0,0,0,0,0,0,0,0,0,0,0,0,0,0,0,0,0,0,0,0,0,0,0,0,0
79,0.00356232951005918,-0.111003580868808,-0.116668917277044,-0.0276597646019609,-0.000389403570182697,0.0456179797681917,0.0529366911960741,-0.00247744878863542,-0.10881574885167,-0.138813503366384,-0.163610428478955,-0.182252787761968,-0.00331173755634202,-0.0756819317740968,0.051438110431997,0.0697317921136831,-0.00640705102998137,-0.0792189624801694,-0.0939134733672451,-0.0267556329633039,0.053156719349603,0.0792378974620619,0.0562238941962464,0.0668800442789747,0.0320830411810124,-0.0224132433453489,-0.00304574578304715,-0.0970822546480475,-0.0334234891203753,0.124594034336523,0.117218743943768,0.107853729162785,0.0375538094027896,-0.0853505025335402,-0.0204068634723444,0.0434448458709096,0.123893348638065,0.169075925546442,0.238932960082395,0.151069866954414,0.0657037955593444,0.0599923873985611,-0.0494609781890697,-0.122011765794748,-0.0491146751148892,0.0737804999692753,0.037241317533043,0.0760838511287403,0.0323339158434208,0.039570293198166,-0.0312935981658098,-0.015999412337011,0.0709331133613916,0.0435675357500867,0.10910966859002,0.0705874793321935,-0.173348034962261,-0.16242869378755,-0.107607787488664,-0.129735965277004,-0.018976654043689,0.121263638094711,0.145676442329625,0.0530611874079259,-0.0225601083783755,-0.14923943772693,-0.205709389388032,-0.131850720343964,-0.0576439415997738,-0.0114144613319093,-0.0142009048477802,-0.036713122863074,-0.0681835896928559,-0.0840272404984047,-0.110574001683566,-0.103077475905281,-0.0548835836002735,0.0623468996165761,0.116133908785857,-0.0320435273446639,-0.086830655319607,-0.0713777155723005,0.0466632958652259,0.152835594080472,0.272625164809764,0.225569715945838,0.149094528058432,0.0684118507659261,-0.00949564516673124,-0.0356698934861643,-0.0286382952838898,0.0716975778476326,0.262810316641567,0.330308171695703,0.267016038839198,0.208161678520611,0.120215638316743,0.0999319884717018,0.103233292122771,0.179514862087028,0.206396688559598,0.214054966314003,0.158527010265824,0.139282044886374,0.0517613057562901,0.0979330924669645,0.15087671872508,0.216729238727898,0.297888963996268,0.169965928409716,0.158016952266752,0.0978226616543949,0.0715528295519718,0.0583625843378129,0.115459533233917,0.118024280798018,0.149450408546898,0.269857227085518,0.206956097757368,0.07586441645905,-0.0362492015989727,-0.00184581270056622,0.0507183285257577,0.120000593647045,0.142032109143521,0.0960272938601967,0.151593577033565,0.128812944604325,0.0812031846371095,0.0986664074726038,0.168792075667704,0.264183335194318,0.206569125603287,0.155908519891983,0.0470488555744495,-0.14972783889462,-0.194785432178109,-0.118212776364618,-0.0567801045984289,-0.027022699620284,0.140217038895553,0.0928258556293243,0.0430369396904038,-0.0935711437425377,-0.30477348021424,-0.279334514702386,-0.243509352711247,-0.149652354242084,-0.0437609335467829,-0.106180520282258,-0.0698764128589092,-0.207829528634937,-0.309738259547465,-0.340535371367181,-0.226939811143148,-0.214675736167722,-0.107281657290498,-0.184269118604975,-0.15201551034772,-0.21718153895047
80,0.0110049204498435,-0.0863509380585703,-0.149984221121927,-0.206155740302893,-0.150236232386407,-0.0564610668619584,-0.0844221862014519,0.0254864473314259,-0.0751327213586146,-0.16069010775334,-0.205530948236596,-0.380012887617807,-0.141370272942338,-0.176752850017608,-0.0604101764640206,-0.0539268469416462,-0.168741735451017,-0.232476353931806,-0.367716212627126,-0.393003846902066,-0.455915633530993,-0.418363351333279,-0.321933309922499,-0.181302059206297,-0.191946396448792,-0.342081568486542,-0.282121178196105,-0.387870881866158,-0.386402425347966,-0.211449168203109,-0.130979317787399,-0.208373086190556,-0.258361853823949,-0.306584961600551,-0.454216136984054,-0.318953159313111,-0.162616642055909,-0.11679779558956,0.0211907697031466,-0.0678331356818666,-0.0578022149014466,-0.124959234612747,-0.232538399498224,-0.361377446130911,-0.327139165123542,-0.238987739529662,-0.17602464294428,-0.0263818992937605,-0.199110812428399,-0.174544308288305,-0.334748879267361,-0.456067993461497,-0.33635725106035,-0.447351220469178,-0.313175162461995,-0.308937568862399,-0.412207200732221,-0.402337199626526,-0.404336876920751,-0.526214254346578,-0.402738949669111,-0.218819568078772,-0.21667122848163,-0.148125534789467,-0.176378774285046,-0.370224403520907,-0.392081464039607,-0.45281072627498,-0.378619985203036,-0.199160499197527,-0.0919648652670218,-0.0408811442753258,0.00890659810572165,-0.0209922445469013,-0.238471654487807,-0.248531403319399,-0.268066209574458,-0.244299330001191,-0.0603171507051304,-0.0829999251859293,-0.0751752974522255,-0.194720638025724,-0.0552814795997893,-0.132310248976183,0.00555046213132406,0.0497056061693919,0.072943326266348,-0.00769851621523787,0.0175155508596631,-0.0112392674501587,-0.149772679878121,-0.0573044624278932,0.0481847237929982,0.128231921745878,0.0745931743617489,0.156077365770695,0.0317916000239613,-0.0964354898855402,-0.166604845125638,-0.145356119046453,-0.030542609650175,0.0226905252859079,0.145296673763235,0.142917213067491,-0.0414859271138879,-0.0181925805417707,-0.170767232239256,-0.214299751168244,-0.0578310256458238,-0.145585385744983,-0.070959716196687,-0.0556496515603886,-0.0685289655499989,-0.247120235738174,-0.23540024541369,-0.246711093581731,-0.128389587996546,0.0763142812097805,-0.00646980695522915,-0.00781285545073966,-0.178202829954525,-0.258327719448446,-0.255292682479483,-0.343177538740975,-0.221493170190418,-0.221922898056882,-0.0927356775170926,-0.067551715407447,0.0389555225620763,-0.137745788235582,-0.3702294988418,-0.27294283151583,-0.321256621747663,-0.223639029154983,-0.199609929848749,-0.282933620572619,-0.336685408018696,-0.462404914828395,-0.270355039422539,-0.289249026415376,-0.100528077015914,-0.218139117841059,-0.204685102948199,-0.22227855968375,-0.399545886523345,-0.329430521332373,-0.428492876904692,-0.426938067942106,-0.218906883695397,-0.19588397102969,-0.0918895258396777,-0.180653440273946,-0.197467021602556,-0.354867995326799,-0.410357009989129,-0.364191874043579,-0.2189392372764,-0.18116381458658,-0.0788988076010802,-0.0501049599470609
81,0,0,0,0,0,0,0,0,0,0,0,0,0,0,0,0,0,0,0,0,0,0,0,0,0,0,0,0,0,0,0,0,0,0,0,0,0,0,0,0,0,0,0,0,0,0,0,0,0,0,0,0,0,0,0,0,0,0,0,0,0,0,0,0,0,0,0,0,0,0,0,0,0,0,0,0,0,0,0,0,0,0,0,0,0,0,0,0,0,0,0,0,0,0,0,0,0,0,0,0,0,0,0,0,0,0,0,0,0,0,0,0,0,0,0,0,0,0,0,0,0,0,0,0,0,0,0,0,0,0,0,0,0,0,0,0,0,0,0,0,0,0,0,0,0,0,0,0,0,0,0,0,0,0,0,0,0,0,0,0
82,0.00334083626996958,-0.240756383877028,-0.295884892240788,-0.199243475635609,-0.205130077939533,-0.344240157096941,-0.348568316414754,-0.407869379283895,-0.464287502726774,-0.557592715819571,-0.482549191945704,-0.500605087906771,-0.526501599312202,-0.569880666021533,-0.536564669708602,-0.465769898768871,-0.485349567737717,-0.387352383717817,-0.251310488980814,-0.335561560090683,-0.340906079523177,-0.372915373025095,-0.341897338131257,-0.341277246836036,-0.372980992667822,-0.2679486683116,-0.255602944863862,-0.207705035577388,-0.216498702316429,-0.163544882746973,-0.238902163834208,-0.357753423846323,-0.252141908963277,-0.242511577720683,-0.0657361299938385,-0.0278939851635344,0.0146297076704672,-0.128514368471863,-0.212158495149248,-0.170938818826689,-0.18887902514966,-0.111637783400085,-0.191959280345264,-0.128812428985778,-0.237289746422058,-0.266707188744603,-0.22050891348352,-0.238405696266748,-0.177972461321872,-0.159726231342237,-0.0803299267651149,-0.0378198817028969,-0.0777544208730731,-0.0737769519934576,-0.212097319433997,-0.266091164455148,-0.287018760467992,-0.200027638539342,-0.101159012093731,-0.16389007470065,-0.102506997509251,-0.230512823128591,-0.240821481331167,-0.271756339054476,-0.238552194241923,-0.237842151277436,-0.21259716985347,-0.149131071926372,-0.236568772856001,-0.220486384929492,-0.257842286553202,-0.314386636122563,-0.217365918660191,-0.225643486095756,-0.116842427270699,-0.0423785874064439,0.0185592135573497,-0.0956122098594836,-0.195527104474679,-0.18309114860281,-0.198548516206799,-0.0531380312148673,0.114725931398497,0.0201793511417504,-0.0832907885749182,-0.107061766546833,-0.215360588973447,-0.14397862674304,-0.0783069870643714,-0.00132793628490673,-0.0949111151499391,-0.147332094468829,-0.0938620268666476,-0.216356830657059,-0.120482881097732,-0.0586487946633269,-0.0215606257473322,-0.0207068867150203,-0.0703195724701348,-0.0135949477438134,-0.168752867996356,-0.214806698455884,-0.170571166071306,-0.177863490782767,-0.158640135497769,-0.0766744107500195,-0.0264938947599164,-0.133108028034994,-0.0906156058118786,-0.229485731929236,-0.226390627587543,-0.237253219429348,-0.195544955306867,-0.0482948385409687,-0.0745846611484353,-0.0773055128449845,-0.149840986889549,-0.212198883753656,-0.155056754495508,-0.206104359706863,-0.103913553056911,-0.132424035832963,-0.0891772192723382,-0.127003509533185,-0.199658419680033,-0.178582741110323,-0.210201589669083,-0.116894564871042,-0.0945823705929881,-0.0755368750013132,-0.0509682316906032,-0.107038247401091,-0.135459307874103,-0.338063283828824,-0.382086654765958,-0.497089488157199,-0.432867907713455,-0.353511275590733,-0.301557596170623,-0.324666101740288,-0.388412711484582,-0.358969097600777,-0.332939502043537,-0.416042931250246,-0.326396905013791,-0.327518878877841,-0.293923144907722,-0.520945264820064,-0.50108053604844,-0.551197651595948,-0.557401840792357,-0.559477838922235,-0.459113972539718,-0.448930012268822,-0.504060864662841,-0.487504828463873,-0.488077135032065,-0.621977105098887,-0.422554052708261,-0.384016823735442
83,0.00156728050626827,-0.101884130034325,-0.0587492673062397,-0.0354910750884786,-0.087728368316489,-0.00329631434560392,-0.13025647285394,-0.111243109187377,-0.124602959852384,-0.196796562793022,-0.105008351241806,-0.191543112677771,-0.0335741081423082,-0.152644549922848,-0.131071950167871,-0.138481327816765,-0.17387530461326,-0.0833272407535883,-0.113928181569915,-0.0170687102634329,-0.128754994854327,-0.109452550790247,-0.0744855769710207,-0.141900870434621,-0.186180123331767,-0.192885015798254,-0.0883078949573574,-0.169214629444399,-0.102924909218824,-0.0549978252501434,-0.162294528036125,-0.156010714878231,-0.223670970491575,-0.103816180594172,-0.0902480574484915,-0.0869037879253682,-0.0129113402478351,-0.136092481182842,-0.0632812492319436,-0.1354400964172,-0.172977607315737,-0.186118035426202,-0.187048367129843,-0.17356314679577,-0.266288811643363,-0.0782080747524254,-0.235900084201956,-0.19760897646157,-0.208857276376379,-0.277099826981658,-0.188977615325986,-0.22456300817352,-0.206961486761361,-0.286837387610445,-0.251243656062086,-0.207547968571653,-0.383264701548339,-0.257623141885977,-0.33924034562243,-0.315570724132113,-0.35371458547652,-0.215284910165773,-0.155463468284508,-0.283739749085909,-0.195773760853313,-0.277386375980103,-0.194126838092855,-0.209913730088432,-0.148047256677244,-0.184773663381264,-0.266156654071556,-0.220488654669514,-0.352052557702658,-0.239588086935418,-0.261700645106078,-0.214069387111094,-0.174575460284541,-0.316017863514956,-0.227728489760732,-0.269800720594859,-0.243549499764402,-0.255875551281762,-0.156195105699087,-0.0725637248290521,0.0184139238049716,-0.0882490109624151,-0.101432635500512,-0.0349690840839507,-0.0755594896102093,0.0246143165964634,-0.101174557720489,-0.075446305486659,-0.0214035884319253,0.0389658904974323,-0.025080331014293,-0.0284375652170129,0.0129192307466114,-0.0724604156644954,0.0935494562255184,0.0535792616084049,0.0456030619346262,-0.0142149479952743,-0.101316154370041,-0.0167205455261364,-0.102535586939168,-0.00265881806682565,-0.0340311056900232,-0.00817793619902611,0.00937085791849711,-0.128881692765192,-0.00655887106136404,-0.065205707917074,0.0545924469018677,0.0481362160330328,0.0729081776839834,0.122914079423149,0.00266120005551071,0.104722927238657,0.0137348898100193,-0.0260788205046956,-0.0412577084193043,0.000213862532066756,0.0892728535891204,0.0210874540817626,0.112476464422695,-0.0762296463554916,-0.0413616496330897,0.0436508351166258,0.0483349160634659,0.161773567023979,0.0933328037628029,0.154816319230779,0.0381864923289868,0.0470836728235778,-0.134550303368684,-0.189409089089984,-0.120485140922534,-0.161616988992811,-0.0272045629346384,-0.136658345326976,-0.0542373246200205,-0.11105703138032,-0.158544968487996,-0.115105197219267,-0.236554005299056,-0.184361381728566,-0.145011814208409,-0.110720461415977,-0.084760730438105,-0.272168942368417,-0.147934389610522,-0.259882786072602,-0.179725050998698,-0.167968995404099,-0.211565461488105,-0.155918943558912,-0.176978257808755,-0.177160708373349,-0.184420965235328,-0.134883702487114
84,0,0,0,0,0,0,0,0,0,0,0,0,0,0,0,0,0,0,0,0,0,0,0,0,0,0,0,0,0,0,0,0,0,0,0,0,0,0,0,0,0,0,0,0,0,0,0,0,0,0,0,0,0,0,0,0,0,0,0,0,0,0,0,0,0,0,0,0,0,0,0,0,0,0,0,0,0,0,0,0,0,0,0,0,0,0,0,0,0,0,0,0,0,0,0,0,0,0,0,0,0,0,0,0,0,0,0,0,0,0,0,0,0,0,0,0,0,0,0,0,0,0,0,0,0,0,0,0,0,0,0,0,0,0,0,0,0,0,0,0,0,0,0,0,0,0,0,0,0,0,0,0,0,0,0,0,0,0,0,0
85,0,0,0,0,0,0,0,0,0,0,0,0,0,0,0,0,0,0,0,0,0,0,0,0,0,0,0,0,0,0,0,0,0,0,0,0,0,0,0,0,0,0,0,0,0,0,0,0,0,0,0,0,0,0,0,0,0,0,0,0,0,0,0,0,0,0,0,0,0,0,0,0,0,0,0,0,0,0,0,0,0,0,0,0,0,0,0,0,0,0,0,0,0,0,0,0,0,0,0,0,0,0,0,0,0,0,0,0,0,0,0,0,0,0,0,0,0,0,0,0,0,0,0,0,0,0,0,0,0,0,0,0,0,0,0,0,0,0,0,0,0,0,0,0,0,0,0,0,0,0,0,0,0,0,0,0,0,0,0,0
86,0,0,0,0,0,0,0,0,0,0,0,0,0,0,0,0,0,0,0,0,0,0,0,0,0,0,0,0,0,0,0,0,0,0,0,0,0,0,0,0,0,0,0,0,0,0,0,0,0,0,0,0,0,0,0,0,0,0,0,0,0,0,0,0,0,0,0,0,0,0,0,0,0,0,0,0,0,0,0,0,0,0,0,0,0,0,0,0,0,0,0,0,0,0,0,0,0,0,0,0,0,0,0,0,0,0,0,0,0,0,0,0,0,0,0,0,0,0,0,0,0,0,0,0,0,0,0,0,0,0,0,0,0,0,0,0,0,0,0,0,0,0,0,0,0,0,0,0,0,0,0,0,0,0,0,0,0,0,0,0
87,0,0,0,0,0,0,0,0,0,0,0,0,0,0,0,0,0,0,0,0,0,0,0,0,0,0,0,0,0,0,0,0,0,0,0,0,0,0,0,0,0,0,0,0,0,0,0,0,0,0,0,0,0,0,0,0,0,0,0,0,0,0,0,0,0,0,0,0,0,0,0,0,0,0,0,0,0,0,0,0,0,0,0,0,0,0,0,0,0,0,0,0,0,0,0,0,0,0,0,0,0,0,0,0,0,0,0,0,0,0,0,0,0,0,0,0,0,0,0,0,0,0,0,0,0,0,0,0,0,0,0,0,0,0,0,0,0,0,0,0,0,0,0,0,0,0,0,0,0,0,0,0,0,0,0,0,0,0,0,0
88,0.00332060737153563,-0.189370985470032,-0.169656329818389,-0.188414312174857,-0.172127580485081,-0.129736554634178,-0.154995229468655,-0.1306969769678,-0.205964768351432,-0.250972897371418,-0.233826413318368,-0.300955101879611,-0.153882767162225,-0.255478526422705,-0.11577762285472,-0.0870266100010113,-0.145102808330328,-0.318436714860762,-0.373687988725164,-0.305526985909321,-0.333630113015182,-0.152058340618569,-0.169960973261811,-0.182823371298714,-0.182023750694571,-0.189421160930989,-0.0955618122475378,-0.284720455653878,-0.215380567317204,-0.13000457342975,-0.0613192266396502,-0.00933735069457432,0.023175677465618,0.0131199129280009,-0.0644371382317432,-0.0169928116282293,0.0375561235792321,0.0222532100636882,0.0725542674527755,0.0733099788475243,-0.0397641728755411,-0.102777378398999,-0.136577895934362,-0.143670774903991,-0.0855586179031684,0.035235477288246,-0.00174492762263461,0.0756126198284447,-0.0214596707747495,-0.0587652421104718,-0.0779628867945752,-0.136403666254962,-0.0801062100528417,-0.107053620568902,0.0213392829539072,0.0300467856758401,-0.0565831859318365,-0.0500595451820589,-0.171582843865752,-0.122349642822578,-0.154262314098878,0.0111328101499715,0.0110469298804313,-0.0288621076658047,-0.0412805698050704,-0.177315344229747,-0.169468842989595,-0.220395905031426,-0.122167500445451,-0.127915740652599,-0.0401333912907829,-0.0474900025705226,-0.137196737981442,-0.103241193789607,-0.229574158663747,-0.0697082056405138,-0.0205135656233628,-0.0170969184488989,0.105324966070592,0.0882389559134085,0.0641385429762246,-0.00470722313420841,0.0193561769169562,0.013740752205949,0.0263697255139256,0.0930779246417189,0.111425853635863,0.156556328590614,0.0577279025388526,0.0353933909641031,-0.0289011166531551,0.017249073753134,0.120865765475116,0.187148877458324,0.0686833832130079,0.0698470780869397,-0.0528499594653646,-0.0745492134381,-0.00485422999742491,0.0125615673290966,0.103911377863882,0.0693434968724775,0.0511166447533173,0.0162863400398983,-0.0311545505028272,0.0206823700071591,-0.0265378354827998,-0.0042414271641236,0.0221095935817765,0.025280982754293,0.0664343536895836,0.0400564536057332,0.10109585040728,0.0285259857767447,0.0123361896104119,-0.0412210766653535,-0.0333661307285146,0.13652046296423,0.0624691342719721,-0.00963425927426035,-0.132319487075513,-0.0500447867630508,-0.00593644298512555,0.0292740417188839,0.138636010102297,0.047014762825244,0.0548607072204491,0.0203677405157439,0.0952886560644919,0.0813639052932959,0.039209089723277,0.0599729892390657,0.00907717713364071,0.0465263705736209,-0.115824447741936,-0.149913764101204,-0.171227095258829,-0.191629062437546,-0.188876377427448,-0.324758436734332,-0.167082032405614,-0.21953691572074,-0.205549244814501,-0.312950773616676,-0.467158613002111,-0.318405105963225,-0.32473452820325,-0.346614674358376,-0.342459975636989,-0.284877671738784,-0.35020499356081,-0.486540313722415,-0.478022699305672,-0.571324478489176,-0.55426058088505,-0.389068362906153,-0.207112400332687,-0.210858792485266,-0.201608003597334,-0.274941846827081
89,0,0,0,0,0,0,0,0,0,0,0,0,0,0,0,0,0,0,0,0,0,0,0,0,0,0,0,0,0,0,0,0,0,0,0,0,0,0,0,0,0,0,0,0,0,0,0,0,0,0,0,0,0,0,0,0,0,0,0,0,0,0,0,0,0,0,0,0,0,0,0,0,0,0,0,0,0,0,0,0,0,0,0,0,0,0,0,0,0,0,0,0,0,0,0,0,0,0,0,0,0,0,0,0,0,0,0,0,0,0,0,0,0,0,0,0,0,0,0,0,0,0,0,0,0,0,0,0,0,0,0,0,0,0,0,0,0,0,0,0,0,0,0,0,0,0,0,0,0,0,0,0,0,0,0,0,0,0,0,0
90,0.010692273311393,-0.399539956365399,-0.391304009658699,-0.196908668860918,-0.270979176913135,-0.414527752771482,-0.420394289501396,-0.432940009255524,-0.368577876181175,-0.443505384881223,-0.201223176581249,-0.239609187369775,0.0265794102631992,-0.0293697965562198,-0.115809939928382,-0.17282526191906,-0.44989418764366,-0.314808764749189,-0.287467002682471,-0.18203467258061,-0.0803023619377667,-0.219492706900199,-0.170966839531399,-0.227232067152638,-0.322424845828136,-0.369645094226251,-0.222193521185285,-0.18415577104598,-0.148089544840162,-0.150671346595052,-0.329436203986425,-0.467778940189868,-0.458574384072561,-0.342994064837683,-0.130843942525714,-0.199564867549477,-0.159318961053829,-0.270910739993984,-0.351989465993055,-0.506370943248147,-0.644007785490223,-0.502131562351011,-0.486022683846532,-0.268117527149688,-0.34351158193022,-0.35812116530673,-0.296501299857771,-0.453294593520807,-0.288231453137563,-0.459670342342787,-0.435914487802545,-0.363715764088454,-0.276339356611744,-0.309778497196028,-0.474579084153942,-0.389806211649247,-0.580599176212052,-0.241855838432093,-0.15492898171709,-0.0984546445338238,0.0223539182114944,-0.171819530780412,-0.221228335630754,-0.43928790611166,-0.403828364457143,-0.463910099586029,-0.231821171896686,-0.0569082231122546,-0.0985708500999049,-0.0615205367355223,-0.23788936687145,-0.246739704567988,-0.393640160661082,-0.328335989364584,-0.205026743592527,-0.188247729612419,-0.0825207026625553,-0.198058256307987,-0.252951358560432,-0.385534021044912,-0.367204895513591,-0.149887612641094,-0.130394290435091,0.0652950427424082,-0.0685257037854966,-0.139724770441296,-0.292535445812884,-0.436551155405862,-0.26709968385837,-0.199079943274436,0.0277757512921985,-0.0441445919194701,-0.0243190929809526,-0.101526823547445,-0.231865144547917,-0.426391741862524,-0.283488099418799,-0.262021991320706,-0.16799181705591,0.0218248605566121,-0.0879843843858045,-0.154938424967315,-0.284726481808527,-0.230938211418428,-0.260934389247705,-0.122702071907498,-0.00264678503568527,-0.173090662661965,-0.0451932473139894,-0.373495479092431,-0.29032312865206,-0.2853787381619,-0.169215145672375,0.127054583996611,0.036666564527957,0.088087797061008,-0.0929116020176078,-0.183142926680862,-0.231973273853259,-0.295037725842781,-0.278299805793931,-0.239672045770443,-0.0062857100579554,-0.0272039754172986,-0.024190614512946,-0.107993967926734,-0.219177675345435,-0.219984701750603,-0.189779071377105,-0.0391361342508057,-0.0193250989015045,-0.05384620925593,-0.192893513471841,-0.347795173349535,-0.509791570037841,-0.651280991198074,-0.344508556612696,-0.19371593958046,-0.142209715931182,-0.186054504303039,-0.396133525057567,-0.507790271550012,-0.533961670461435,-0.558812672648703,-0.633471123215463,-0.606195990075513,-0.462082223942897,-0.474476391359098,-0.417948931508285,-0.686705835449495,-0.634768084524131,-0.748023943949323,-0.696201028851087,-0.47208264385687,-0.503720393142973,-0.406000513638542,-0.403567188420618,-0.554696498136062,-0.49102601591034,-0.516465717665545
91,0,0,0,0,0,0,0,0,0,0,0,0,0,0,0,0,0,0,0,0,0,0,0,0,0,0,0,0,0,0,0,0,0,0,0,0,0,0,0,0,0,0,0,0,0,0,0,0,0,0,0,0,0,0,0,0,0,0,0,0,0,0,0,0,0,0,0,0,0,0,0,0,0,0,0,0,0,0,0,0,0,0,0,0,0,0,0,0,0,0,0,0,0,0,0,0,0,0,0,0,0,0,0,0,0,0,0,0,0,0,0,0,0,0,0,0,0,0,0,0,0,0,0,0,0,0,0,0,0,0,0,0,0,0,0,0,0,0,0,0,0,0,0,0,0,0,0,0,0,0,0,0,0,0,0,0,0,0,0,0
92,0.000888221396251211,0.0014456978512612,0.0427024235109238,0.0899756125186217,-0.143159062602397,-0.139022682897629,-0.186237575002267,-0.243033122654213,-0.216200902769847,-0.313359163799054,-0.235805265965031,-0.21611201961902,-0.0758863475470207,-0.123254954780508,-0.176672775547639,-0.170936469985725,-0.158723582516332,-0.0494821203647963,-0.027567970832513,-0.0160624914823654,-0.0673869432387963,-0.204731454685193,-0.272972270994935,-0.285022892199116,-0.319097624682783,-0.181542937789601,-0.130657437941471,-0.210830720230996,-0.19340594460696,-0.247950301433221,-0.32374437498026,-0.364219930986892,-0.271772456538339,-0.321025852346998,-0.239390415046176,-0.202356521707905,-0.135239263116968,-0.29179090098674,-0.347109482118109,-0.344326202023166,-0.392862365436665,-0.244326007950655,-0.239180285034989,-0.224707822383656,-0.281993190167144,-0.229033319161459,-0.34930294736303,-0.382956925291805,-0.276973890742556,-0.21078975697332,-0.111501120105302,-0.0399764241820986,-0.00791825695444173,-0.18065658772254,-0.160291612291565,-0.186708667259692,-0.313763661090285,-0.186281247002747,-0.111250432988714,-0.0912694101466414,-0.069735681041948,-0.023766427143396,-0.109730486486081,-0.181654934257831,-0.110372330737445,-0.103024844404112,-0.0611497719685902,-0.0325892829453813,-0.149941846856405,-0.0837333032345676,-0.216964640134894,-0.15121619686374,-0.161393639139061,-0.0724879288529957,0.0982777156445158,0.121912707719137,0.0743577806624256,-0.0896392995468235,-0.119966457117597,-0.170846276643046,-0.126948380288601,-0.0477668908801323,0.012185328482355,0.131959176221389,0.112581711193398,0.0191368526504789,-0.061380934143382,-0.171641169149482,-0.0561222179693465,0.0391881368505426,0.121915128541585,0.104610824985041,-0.00386861472764448,0.0475297157685473,-0.0243531605169788,-0.0194687381999377,-0.0173169872581316,0.0389695004106476,0.110092194736117,0.105809966535715,-0.0512914153030807,-0.103543955361227,-0.177914520335483,-0.105158733411161,0.0260772983941098,0.180769375553067,0.208477091721852,0.136868613981181,0.140378443450819,-0.0136062951659742,-0.0174761197670421,0.0153641600886325,0.0350685438844076,0.136101051331538,0.156947798238396,0.129120553195825,0.0664242094304965,0.109538826162897,0.0499732991886571,-0.0138080374699227,0.0497564522981299,0.104094437128111,0.185523761407311,0.166672342430626,0.142786938706737,-0.0309308068359642,-0.0682560085471426,0.0113782800218985,0.146179922516127,0.26815890169258,0.254158670418179,0.208276497081497,0.068113493170619,-0.0175357031152364,-0.101151778237413,-0.218208307931804,-0.078974865260357,0.0973876055044009,0.147482399661402,0.121469060634123,0.143553619048045,0.114323336102819,0.109162017437598,0.095538892402255,0.0854929431528196,0.11182694312884,0.161878132494954,0.169361020546035,0.134133797346141,0.0531797213844294,-0.00115039945097421,0.0580801621383571,0.0799593568289648,0.122302035564165,0.154567933174224,0.049101825491879,0.0750635476094463,-0.0789355904034081,-0.135513299191622,-0.11758517369337
93,0.00258620022431041,-0.291194524268941,-0.218173800632239,-0.211411905344924,-0.248755497269863,-0.198533560049304,-0.264973976741415,-0.316360420234242,-0.345092475045827,-0.309769970386118,-0.288032161346383,-0.31608326843233,-0.124574288520707,-0.213742649610208,-0.196083513936663,-0.26280242037609,-0.318432681422795,-0.354923907521155,-0.325254690835894,-0.188849894475625,-0.247642583072447,-0.263906783480164,-0.292639859005113,-0.215890214169595,-0.277288636846662,-0.292164959027234,-0.168835906876943,-0.279367297551012,-0.176087952651982,-0.170394895142725,-0.272777940494462,-0.255432572239864,-0.247744702994217,-0.233738817960262,-0.218152191505368,-0.0528357334754795,-0.0335828497884907,-0.0876039457704022,-0.0547323084232358,-0.178254058859211,-0.236567993715419,-0.200754880838364,-0.146547047558412,-0.120608794814407,-0.101889473432315,-0.000792870470575118,-0.0880153385274686,-0.0856047213606481,-0.116687349604182,-0.0846952195972224,-0.123742686298871,-0.0906683684784824,-0.0610073201780412,-0.191454365067662,-0.100476337956537,-0.146831799524008,-0.235515650256659,-0.15845921107833,-0.198715876059291,-0.163618238300409,-0.143837521002754,-0.056347322197579,-0.08807050210378,-0.23373790117195,-0.235320498500895,-0.309528712152362,-0.198722082955389,-0.181987274339489,-0.0801550785204349,-0.0929776737807336,-0.11197386932741,-0.0986649431181006,-0.201026844433154,-0.121358632332024,-0.219163708606022,-0.122145769360589,-0.133675715211537,-0.131259003163327,-0.0992612593405695,-0.134726448340552,-0.0993608366757709,-0.156020082106588,-0.0888961926203203,0.0223962885748658,0.0373643279571427,0.0719986957316341,-0.032171803144629,-0.0771218741450092,-0.158825046951899,-0.0638879404998278,-0.0213740661130765,-0.0430397432015772,-0.0046920623051906,0.072643073447529,-0.0916167209580843,-0.0802106861491637,-0.168096335760399,-0.1936998032404,-0.0654446856106256,-0.0462841958307662,0.0291048764732581,-0.0376858737340642,-0.0903000105876755,-0.112073423298075,-0.122691076590913,-0.0246540711492598,-0.0943890018061159,-0.079391149027556,-0.0459641611366567,-0.150801762492917,-0.143709923763642,-0.138654071762235,-0.100402651867943,-0.101591126585664,0.00958017752211916,0.0234421738639075,-0.0174429358873349,-0.00586577408741077,-0.174993068849398,-0.169033508901829,-0.208864740961538,-0.0847241087649423,-0.0308566299976958,-0.0539103537914063,0.0351936719291015,-0.121555126092891,-0.0696846247023965,-0.0710700381815651,-0.0294475171765867,-0.0207567839876757,-0.0138412528286757,0.0238987682215584,-0.0739376809670223,-0.0659201853464686,-0.296806206203753,-0.378648490024575,-0.321075790779803,-0.26950223997697,-0.146629351366527,-0.20547424240889,-0.16190771033454,-0.37354931975474,-0.37251397512898,-0.45715562555517,-0.536524099492393,-0.418909290068334,-0.396363628796275,-0.320045184731798,-0.225971954470456,-0.274493650374737,-0.298163287384264,-0.418252619304329,-0.38210332730713,-0.400006088874714,-0.295669165516241,-0.293343135701204,-0.267188942407529,-0.325291433697758,-0.326307266099847,-0.30838744942642
94,4.75792190809323e-07,-0.0029621299458397,-0.00218055347198135,0.000901915069232226,0.000323733522668277,0.000691312112176076,-0.00215110882858645,-0.000670865138161326,-0.00124811159497622,0.00258866111160863,0.00184704823302802,-0.00348729494225517,0.00282483050843436,-0.00501469853955667,-0.000365298519043743,-0.00198231718384952,0.00102056876492722,0.000987004558964253,-0.00472459995270502,0.00106171947025721,-0.00410873081964951,0.000879140032792264,0.00048858034128086,-0.00197961556431346,-0.00245050381644439,-0.00304461269572421,0.000699147387517842,-0.00269649920998989,0.00105481450532085,-0.00027039406003127,-0.00327132849483527,-2.02362175062331e-05,-0.00159004829239792,-0.000884533531718652,-0.00245165898939865,-0.00229614755467902,-0.00187679579399227,-0.00316239095578325,0.0020922968410071,-0.00193333082109527,-0.000393681302086501,-0.00279347011364639,-0.00202994839795127,-0.000280346719516144,-0.00401793121499709,-0.000208905655020911,-0.00484377688875744,-0.000879758298144022,-0.0024262267847362,0.000186245033443945,-0.00230631440319291,-0.00454731889955745,0.000770400594374843,-0.0031866825396602,0.000223595693007632,-0.000448717123312627,-0.00229895589809446,-0.00359177126497643,-0.00470776834988909,-0.000305383641240083,-0.00245879265019393,-0.0022932566241078,-0.00322768764035576,-0.00239099268686926,-0.000138284606219047,-0.00305670954276948,0.00157635371710156,-0.00382644052831599,-0.0053707444392086,0.0016307925255416,-0.00311059963980556,-0.00157598326110909,-0.0035195850884918,-0.00085804995319977,-0.00488022623604359,-0.00173623879275907,0.00236882743883098,-0.00294374957307317,0.00215804438131533,-0.00433655452006346,-0.000732316759606923,-0.00323667372031311,-0.00214012610618893,0.00100167612506672,-0.00241292101757215,0.000177706725081118,-0.00118794022059647,0.000712423692489475,-0.000979250005855035,0.00272879281073279,-0.00494504939105953,-0.00343800032546505,0.00296688554162616,-0.000186633857387456,-0.000796432018929183,-0.00318295112538216,-0.00195543220357089,-0.00202307561155137,0.00115732336952913,-0.00239532449408808,-0.00187140951833922,0.000220858079158273,-0.00190097350284708,-0.000631969306150983,-0.00225655208437457,-0.0011279112380775,-0.00550179608279196,-0.000273843215613208,0.000297768357681399,-0.00305861527271671,0.00296750055261714,-0.0024491499149765,-0.00128374206977494,-0.00610401816657972,-0.000113158273091555,0.00161303482541495,-0.00269899336657339,0.00259944937490253,-0.00625739369674174,-0.000254788735281504,-0.00161096708126383,0.00131288201417904,-0.00193905238711612,-0.00339728015931186,-0.000464513883945741,-0.00268945543638278,0.00142008661889167,-0.00159466877255595,-0.00224628571448808,-0.0040667046845218,-0.00347032445313416,0.000326165836887286,-0.00306547313030815,0.00147326818887779,0.000718000047353318,-0.00061336317701977,-0.00254523398621081,-0.00448587210448307,-0.000431111647050187,-0.00143177746625699,-8.13107849582943e-05,-0.00147833640126685,-0.00287908076993045,0.0018101830795879,-0.0012931835461427,0.000184989883435007,-0.00366879715323245,-0.00198888494394698,-0.00258240010187173,-0.00231328881660685,0.00212631314436659,-0.00282829673811801,0.000714378688704731,-0.00381817106419452,-3.81511513278067e-05,-0.00397781414360371,-0.00324461146341036,0.0016761096963306,-0.00265414461842214,-0.000741274070500515
95,0.0109881140986536,-0.0947445821864784,0.00203423306715565,-0.0572487431591709,-0.11921818647213,-0.229260545503952,-0.377798218950692,-0.393455169522936,-0.23802353775087,-0.195560800218536,-0.230166189090589,-0.235744986341091,-0.261075271864537,-0.401396062274963,-0.462760722499006,-0.457559845173979,-0.311530856318523,-0.245830881276145,-0.0674962879185435,-0.136907586180826,-0.11756671174632,-0.364892637102088,-0.404905901925624,-0.314473934575312,-0.381799109857625,-0.139319240326883,-0.117567535012631,-0.272343380420522,-0.39006159603235,-0.360610177814078,-0.408351153260357,-0.453814184947671,-0.303952733030946,-0.290064041920007,-0.131556037450771,-0.155170840896802,-0.199773463991795,-0.256719652134079,-0.42861296626165,-0.333342480497708,-0.379546366772311,-0.253341758293482,-0.205048846520737,-0.360471071250713,-0.487390339133377,-0.550831220896641,-0.494117772596446,-0.454163585970161,-0.359038596074182,-0.295803105529923,-0.319264098740422,-0.250981638826904,-0.48677134465923,-0.38747901045263,-0.45578302224645,-0.373562475709429,-0.376186265699742,-0.20558293753002,-0.00322217871272345,-0.163022880681588,-0.240990614353519,-0.360264251964445,-0.251707751928163,-0.213913370060874,-0.162236159060922,0.06166261223128,0.0236063852607225,0.0110434146100354,-0.0473010453868853,-0.172854366051692,-0.210050632873471,-0.182418701456802,0.0748010325295172,0.150659321292815,0.257313285269206,0.301651830925564,0.209939165497693,0.0459008555274602,0.00253948991583961,0.0394462898043939,0.0457755901026977,0.25529539042142,0.34332586253741,0.329401961376537,0.219099396098967,0.0269543606980926,0.154453528990161,0.0261766645902756,0.154177101440101,0.237071933921655,0.227953032336247,0.300027305410894,0.0926053954523839,0.104799547176031,0.00836488603072456,0.14711022743606,0.216945761595758,0.340620416242113,0.249482651761119,0.252500276244443,0.0694704617379564,0.0203926692959689,-0.0978170600128858,-0.00690661209490677,0.219065272380661,0.249044739618321,0.293049600922717,0.104852242918801,-0.0568767804825813,-0.238298691626987,-0.0971479218037642,0.119142442987138,0.259503148861857,0.3851859991785,0.300017908963883,0.157810649022454,0.0525218071708975,-0.122490423607903,-0.00915421528097476,-0.0273550215591399,0.112804473470697,0.225934004392218,0.20538129933485,0.0677854138262973,-0.138847552864585,-0.146942098735959,-0.20513968923816,0.025891807837224,0.20559570249414,0.20473517718003,0.215975058255598,0.0778969160953375,-0.0633299061011699,-0.206359701752591,-0.317246886708828,-0.191409891829234,-0.205755667087287,-0.0794607754600702,-0.000948891471077777,-0.0617656847803555,-0.237634976440429,-0.300758941940802,-0.250163490499671,-0.250027017367648,-0.0532801465956991,-0.0583507318467633,0.0266611056420919,-0.262950827941359,-0.28201955468509,-0.414153190180123,-0.5214489611641,-0.32929698471841,-0.359242682175441,-0.219777187873977,-0.256547394607035,-0.438952030934798,-0.375810605392364,-0.569485924010071,-0.462563365714423,-0.385988092929483
96,-0.00036761912504722,-0.141900358948318,-0.15977901794988,-0.058297414451038,-0.038570445476851,0.0421694176502804,-0.0516529207189311,-0.152997297122534,-0.152615958575101,-0.212997095361667,-0.155255384701284,-0.170611261223162,-0.0276844851300639,-0.0670172323325889,-0.0566304008793298,-0.0166456585417895,-0.115616394967026,-0.0566333268247374,-0.0824871974931191,-0.0614948315024374,-0.0327437471376747,-0.0630269782868613,0.00344560619448927,-0.0970700594119366,-0.112149147891395,-0.19571389213754,-0.119756299684358,-0.132745745624397,-0.014990303503191,0.0839964064433111,-0.0177321254282414,-0.00678537265705657,-0.117303499953913,-0.126925299743574,-0.0827659535583887,-0.0917340028492114,0.00922228062973989,0.0130749841869169,0.0913486195921357,0.02335580289528,-0.051681500010707,-0.036261206667773,-0.105701508715922,-0.0634256659588534,-0.0936191690764291,-0.03060497722682,-0.0450755313980251,-0.0681018857734809,-0.0585891767947148,-0.116297157843422,-0.0552078686147061,-0.0677716571186899,0.0491253812335282,0.00743349131573152,-0.00620432680066581,-0.0142987389624426,-0.206063214523004,-0.118264561976789,-0.17477396237904,-0.15875272425083,-0.0866052158836395,-0.029759240240745,0.0333828583354198,-0.105869940423188,-0.0969719914059757,-0.207870338996467,-0.174017097068023,-0.150765994593443,-0.126855150087294,-0.0982565029579099,-0.170169565453427,-0.0873864107325883,-0.171462996600227,-0.204672851268658,-0.136514075511905,-0.0313584934566418,0.0496780757174299,0.00328484343838257,0.00519202885483484,-0.0805323136190732,-0.128062909960764,-0.0741606637367086,-0.0865405263569868,0.0301186598683513,0.00660009752984171,0.129244281860932,0.0765076490812145,0.0499479273759592,0.0359668431592901,-0.0359981801154293,-0.02146879101754,-0.109979277343392,-0.00278454771291734,0.0173178173668195,0.106035693039591,0.0916429146861219,0.0176629734250858,-0.0689227742434436,0.03282479879304,0.0674837701863172,0.0528604947906847,0.0460163458882219,-0.0559751099225857,-0.000304565931467349,-0.0371488357283341,0.0254777896434427,0.0432306600097808,0.039314860617713,0.138686703322978,0.0463341682863926,0.0919127774942574,0.00535922873433885,-0.0451864114604911,-0.0145315279558993,-0.0364615221125952,0.0705473487484194,0.052652906233551,0.135105526708862,0.0401790459310881,-0.0196450889478437,-0.036975123199203,-0.0832698660987376,0.0273464060354418,-0.0174477313891887,0.059109207105608,-0.0145217567473311,-0.0248332679365179,0.0210976926980062,-0.00314182859339321,0.0806989494062343,0.0522517106161441,0.125960096921302,0.0993118920514676,0.0647230071541529,0.0317259337630541,-0.14272322424292,-0.121427595481345,-0.17563438997909,-0.0502995655902849,-0.02341782965738,0.0714671911319906,0.0471347237438477,-0.0369649716266345,-0.0766485219683456,-0.182553607932348,-0.168329967901233,-0.19222255053172,-0.179971321025839,-0.0728293092516937,-0.172438673324175,-0.140495545089923,-0.183944963635338,-0.182142522762725,-0.167794994445962,-0.174464199303322,-0.106202160944413,-0.137319518503358,-0.0935022854117799,-0.0869317645853925,-0.130055748804567
97,0,0,0,0,0,0,0,0,0,0,0,0,0,0,0,0,0,0,0,0,0,0,0,0,0,0,0,0,0,0,0,0,0,0,0,0,0,0,0,0,0,0,0,0,0,0,0,0,0,0,0,0,0,0,0,0,0,0,0,0,0,0,0,0,0,0,0,0,0,0,0,0,0,0,0,0,0,0,0,0,0,0,0,0,0,0,0,0,0,0,0,0,0,0,0,0,0,0,0,0,0,0,0,0,0,0,0,0,0,0,0,0,0,0,0,0,0,0,0,0,0,0,0,0,0,0,0,0,0,0,0,0,0,0,0,0,0,0,0,0,0,0,0,0,0,0,0,0,0,0,0,0,0,0,0,0,0,0,0,0
98,0.00888254111090415,-0.248085010117018,-0.0967626341756056,0.0132894571392999,-0.137698009663773,-0.153225210624694,-0.264262781402251,-0.409223417851485,-0.341104889250673,-0.385176820409796,-0.271467246027145,-0.328416230786712,-0.297400991643978,-0.408154730927841,-0.476273472084191,-0.405658051889735,-0.470884640515231,-0.37120371882382,-0.340649595867342,-0.252010638839962,-0.441420773067401,-0.537790584944211,-0.469918918022276,-0.518156178433299,-0.564850156450115,-0.445154045054077,-0.272421792035031,-0.283329273789126,-0.175482103091339,-0.144667762852101,-0.312024969824573,-0.341340404396034,-0.492465920712977,-0.462177629159372,-0.198533016845679,-0.211235715786151,-0.307672395495193,-0.444339832610915,-0.463926326477315,-0.456085077717284,-0.466488246597728,-0.338356681485505,-0.438414562779749,-0.58058311049551,-0.719677769522225,-0.649317207166853,-0.758089758301208,-0.817828509182266,-0.725300706679474,-0.864661633056236,-0.765918160677172,-0.68544468363557,-0.786330854606927,-0.773491809364852,-0.804049597823279,-0.822457278234708,-0.893720179631615,-0.719420728909845,-0.66995976886263,-0.644107778683797,-0.691908383416341,-0.638716386117065,-0.44875987802986,-0.501222103634496,-0.554709299648321,-0.493388683957583,-0.228480402092547,-0.224928899430053,-0.263198296792783,-0.324456087582241,-0.457644506707987,-0.340047451368874,-0.411835280875046,-0.291659458337695,-0.209890261879836,-0.193563007176229,-0.0448529978565505,-0.243088449520944,-0.29030845246112,-0.353938462540796,-0.33288306987482,-0.255583155476148,-0.182210558978177,-0.0141230044138388,-0.0435420956084201,0.00879397432931262,-0.161241751932409,-0.254217237669373,-0.185731874482072,-0.0358333466675439,0.107324319991023,0.043552111378966,-0.0545329449497554,-0.0723033813705421,-0.0797673776265168,-0.026230820996149,0.0532887571960725,0.032858105313579,0.0594027729393629,0.115156276509177,0.0209709319036068,0.0358382822263634,-0.119378878547067,-0.153019713830573,-0.0428075686831631,0.00209511263894781,0.127363775835001,0.209006579215941,0.136735506712998,-0.14983210933822,-0.12037725968947,-0.132707743119274,-0.0404243622949589,0.102988535704079,0.0806254090846499,0.183905428044935,-0.0189577393874628,0.0135667214850326,-0.0185593031768376,-0.0514617809372478,-0.0171365733287485,0.0838597986035811,0.157398262901187,0.0952850845905488,0.0339793557335537,-0.153375698089025,-0.211902211927262,-0.095409512392081,-0.0384976688583526,0.101685896727455,0.183844408142099,0.156826605598492,-0.0504378897849673,-0.136054995310255,-0.232894150803043,-0.291545764025629,-0.146675115887357,-0.0893122410229898,0.0209653096125206,-0.0961568822745146,-0.131227838693147,-0.105274710599616,-0.163507449705852,-0.0753569400413481,-0.0739933656493439,-0.0872577501897404,-0.0311814617824076,-0.0574314923699061,-0.0249932394032246,-0.131681787719459,-0.0916304492679688,-0.172435842940204,-0.178900557528957,-0.119629916177793,-0.077139906912786,-0.0680354090283038,-0.210800614754076,-0.300907400295509,-0.276507919496216,-0.31510080027454
99,0.000786895958249213,-0.344340438647173,-0.250986079466866,-0.221058451298768,-0.20918209488067,-0.210976659919541,-0.258351525847354,-0.299612026905009,-0.344284523701359,-0.416421665808959,-0.37380627306734,-0.403735154800089,-0.241737825582957,-0.229709255566314,-0.212899764000398,-0.353331276665188,-0.383214102753302,-0.405942369796951,-0.388142867288765,-0.283442644543865,-0.170638434024027,-0.112398834076192,-0.184869657109447,-0.216772138673692,-0.359784713017881,-0.342340237020927,-0.312112703840495,-0.266796759932906,-0.171510638259128,-0.238624965299328,-0.244381519837877,-0.183291100413012,-0.281740359753346,-0.267099924901767,-0.170142650346095,-0.160067779615592,-0.018414796212659,-0.0403494820510081,-0.0963245675241971,-0.193517738684146,-0.312086718842648,-0.325385430381976,-0.304902365724874,-0.210257822406291,-0.0810499701618207,-0.0172342329196689,-0.126384614143719,-0.157794238451589,-0.319426857790554,-0.387123310341288,-0.343207794820736,-0.248547206897189,-0.185772274061766,-0.216636768805742,-0.176640218835568,-0.321414666710206,-0.385053784343194,-0.32729995696645,-0.374394782782007,-0.2558428542987,-0.14286363089966,-0.138432361222547,-0.0980499350765795,-0.205777675118419,-0.274058519041431,-0.344657238891572,-0.320598843359024,-0.221077999904989,-0.146874518370274,-0.142944745204986,-0.125465704782901,-0.181872053302047,-0.349894302427871,-0.282760030615018,-0.347193113477565,-0.268689154075453,-0.0926628985303986,-0.132995375087193,-0.181437528740655,-0.131426469537977,-0.15147396014801,-0.191373512122103,-0.152846747637606,-0.0570437051915165,-0.0178566982488999,0.00472030385764967,-0.0913452498822572,-0.17249836019862,-0.245361509657616,-0.239347704755795,-0.13414511692818,-0.0180403375760775,-0.0136749593603455,0.0539142382851395,0.0943863510165362,-0.107343729111047,-0.157169564069534,-0.167387920325351,-0.155814154505595,0.0741785332382711,0.0747502365675052,0.0491097034705118,-0.0907470520282064,-0.129617262072268,-0.155924586304725,-0.127171101627645,-0.0974178125025126,-0.046909247190761,0.0229159239939747,-0.0165549231711262,-0.0764705389957778,-0.135001456585317,-0.0951136096927343,-0.0303748335938559,0.034157036386897,0.056109936447371,0.0619443457050065,0.0220583691106801,-0.104880099257486,-0.153302009367963,-0.225076431663409,-0.149392334048568,-0.0664595760134158,0.0174586870714631,0.113887133292446,0.020030513855096,-0.0207722480358159,-0.0689675384214973,-0.167320836840505,-0.052685019932271,-0.0404534736398428,0.00302644437818069,0.0621733307473196,0.0141589539003027,-0.232988795088171,-0.296009012277693,-0.226499751365096,-0.208197280497345,-0.0655306568934515,-0.0515144051412179,-0.0170361844937215,-0.129411181204683,-0.180325848483927,-0.262308055838557,-0.35071599067834,-0.279296814511859,-0.249031438531577,-0.0921158745939769,-0.0570390305220683,-0.131775358331103,-0.243478586637991,-0.425594296861631,-0.428413651622572,-0.393525439187689,-0.333773652005865,-0.235288028240239,-0.172679642252647,-0.259442131461504,-0.297109291864236,-0.388312849218232
100,0,0,0,0,0,0,0,0,0,0,0,0,0,0,0,0,0,0,0,0,0,0,0,0,0,0,0,0,0,0,0,0,0,0,0,0,0,0,0,0,0,0,0,0,0,0,0,0,0,0,0,0,0,0,0,0,0,0,0,0,0,0,0,0,0,0,0,0,0,0,0,0,0,0,0,0,0,0,0,0,0,0,0,0,0,0,0,0,0,0,0,0,0,0,0,0,0,0,0,0,0,0,0,0,0,0,0,0,0,0,0,0,0,0,0,0,0,0,0,0,0,0,0,0,0,0,0,0,0,0,0,0,0,0,0,0,0,0,0,0,0,0,0,0,0,0,0,0,0,0,0,0,0,0,0,0,0,0,0,0
101,0.00166231014139246,-0.168948406546972,-0.109103564852318,0.0236892050301473,0.0234299589449189,0.025215819767523,-0.102662425821416,-0.184750088730471,-0.207691904526657,-0.256525223886397,-0.131885239949741,-0.123289361275926,5.14719727194632e-05,-0.0865143604610039,-0.0939839861425158,-0.121124388237124,-0.178705024745309,-0.114238696914033,-0.119254058724725,-0.0553030966615581,-0.129772226424459,-0.158999723971975,-0.183174331680072,-0.279024355665649,-0.254584969192509,-0.296175057880534,-0.157850071257117,-0.182730642958724,-0.077245153725634,-0.103061236523235,-0.133476498684211,-0.122151166809677,-0.184803034971208,-0.165946915532233,-0.110693624214377,-0.0120093601246127,0.0278101087699499,-0.0637646265412274,-0.0565752775425796,-0.0712481174470923,-0.0910549560523786,-0.0573034183341008,-0.0522307748049381,-0.0241602569592372,-0.043100828104837,0.00812599828796821,-0.102313560221871,-0.12783772001182,-0.0879506342596734,-0.076797659783854,0.0756535307418917,0.0527325398328432,0.100399601197578,-0.029564558490102,-0.0835441454088364,-0.13071172406227,-0.248943469190694,-0.102473581420035,-0.0740661908524,-0.0228785263687964,-0.0167793413202547,0.0211911459897914,-0.0432448346914929,-0.127734406524589,-0.134172671648034,-0.173540516631346,-0.060185621078095,-0.0552519230359207,0.0100630180433157,-0.0490661597747782,-0.103713128956226,-0.0613110346546637,-0.139110188009445,-0.0358954044631858,0.0107947203722234,0.053028864152999,0.133158066518454,0.0101469672873325,-0.0137262334734244,-0.113583732681878,-0.108307358374272,-0.0613995692253082,0.0275185277209598,0.125693061321785,0.119767721197583,0.163036917441814,0.0394073688005835,-0.00770615800758112,-0.0594365954577832,-0.0297149431687967,0.052140061480805,0.0335482233607454,0.0662514438190362,0.00887135214834694,0.000249097900600447,-0.0617922786027248,-0.0530783586759129,0.00627929639927185,-0.00948407673743875,0.0779265253280528,0.0601001744883284,-0.058648537199363,-0.142299497311273,-0.0957279640480541,-0.0714395930473137,0.0426514250269408,0.117278797902916,0.134009822923437,0.130270197039507,-0.0645426551468869,-0.0838645071239308,-0.146046515169869,-0.0372380805557753,-0.00322826012800737,0.0650032718501576,0.11133500335044,-0.0187621987166707,0.0479028148372741,-0.0632621089054912,-0.0396952469643389,-0.0161591712929448,-0.0114654725040011,0.0420301197745782,0.0191175749614991,0.0457247652771055,-0.0768348788763494,-0.0580332386305161,-0.0718210770073687,-0.0123980896436156,0.0493238793497948,0.100595864707507,0.140697644225028,-0.00892512426165263,-0.114851595298528,-0.140323281845897,-0.233573969305795,-0.145522057707314,-0.108182286850056,0.0167783709199844,0.00845059979714965,0.0268801334581371,-0.0273254217384085,-0.112554365565783,-0.119088821903655,-0.171482485269744,-0.119372482358221,-0.126977824487257,-0.150427333366168,-0.162807792637675,-0.249329222327093,-0.279076533532853,-0.307366073171762,-0.165847098496824,-0.100979661744481,-0.0602662722416283,-0.0725704518417305,-0.140104467772178,-0.232022272094062,-0.244112097986163,-0.220049835898668
102,0,0,0,0,0,0,0,0,0,0,0,0,0,0,0,0,0,0,0,0,0,0,0,0,0,0,0,0,0,0,0,0,0,0,0,0,0,0,0,0,0,0,0,0,0,0,0,0,0,0,0,0,0,0,0,0,0,0,0,0,0,0,0,0,0,0,0,0,0,0,0,0,0,0,0,0,0,0,0,0,0,0,0,0,0,0,0,0,0,0,0,0,0,0,0,0,0,0,0,0,0,0,0,0,0,0,0,0,0,0,0,0,0,0,0,0,0,0,0,0,0,0,0,0,0,0,0,0,0,0,0,0,0,0,0,0,0,0,0,0,0,0,0,0,0,0,0,0,0,0,0,0,0,0,0,0,0,0,0,0
103,0,0,0,0,0,0,0,0,0,0,0,0,0,0,0,0,0,0,0,0,0,0,0,0,0,0,0,0,0,0,0,0,0,0,0,0,0,0,0,0,0,0,0,0,0,0,0,0,0,0,0,0,0,0,0,0,0,0,0,0,0,0,0,0,0,0,0,0,0,0,0,0,0,0,0,0,0,0,0,0,0,0,0,0,0,0,0,0,0,0,0,0,0,0,0,0,0,0,0,0,0,0,0,0,0,0,0,0,0,0,0,0,0,0,0,0,0,0,0,0,0,0,0,0,0,0,0,0,0,0,0,0,0,0,0,0,0,0,0,0,0,0,0,0,0,0,0,0,0,0,0,0,0,0,0,0,0,0,0,0
104,0,0,0,0,0,0,0,0,0,0,0,0,0,0,0,0,0,0,0,0,0,0,0,0,0,0,0,0,0,0,0,0,0,0,0,0,0,0,0,0,0,0,0,0,0,0,0,0,0,0,0,0,0,0,0,0,0,0,0,0,0,0,0,0,0,0,0,0,0,0,0,0,0,0,0,0,0,0,0,0,0,0,0,0,0,0,0,0,0,0,0,0,0,0,0,0,0,0,0,0,0,0,0,0,0,0,0,0,0,0,0,0,0,0,0,0,0,0,0,0,0,0,0,0,0,0,0,0,0,0,0,0,0,0,0,0,0,0,0,0,0,0,0,0,0,0,0,0,0,0,0,0,0,0,0,0,0,0,0,0
105,0,0,0,0,0,0,0,0,0,0,0,0,0,0,0,0,0,0,0,0,0,0,0,0,0,0,0,0,0,0,0,0,0,0,0,0,0,0,0,0,0,0,0,0,0,0,0,0,0,0,0,0,0,0,0,0,0,0,0,0,0,0,0,0,0,0,0,0,0,0,0,0,0,0,0,0,0,0,0,0,0,0,0,0,0,0,0,0,0,0,0,0,0,0,0,0,0,0,0,0,0,0,0,0,0,0,0,0,0,0,0,0,0,0,0,0,0,0,0,0,0,0,0,0,0,0,0,0,0,0,0,0,0,0,0,0,0,0,0,0,0,0,0,0,0,0,0,0,0,0,0,0,0,0,0,0,0,0,0,0
106,0,0,0,0,0,0,0,0,0,0,0,0,0,0,0,0,0,0,0,0,0,0,0,0,0,0,0,0,0,0,0,0,0,0,0,0,0,0,0,0,0,0,0,0,0,0,0,0,0,0,0,0,0,0,0,0,0,0,0,0,0,0,0,0,0,0,0,0,0,0,0,0,0,0,0,0,0,0,0,0,0,0,0,0,0,0,0,0,0,0,0,0,0,0,0,0,0,0,0,0,0,0,0,0,0,0,0,0,0,0,0,0,0,0,0,0,0,0,0,0,0,0,0,0,0,0,0,0,0,0,0,0,0,0,0,0,0,0,0,0,0,0,0,0,0,0,0,0,0,0,0,0,0,0,0,0,0,0,0,0
107,0,0,0,0,0,0,0,0,0,0,0,0,0,0,0,0,0,0,0,0,0,0,0,0,0,0,0,0,0,0,0,0,0,0,0,0,0,0,0,0,0,0,0,0,0,0,0,0,0,0,0,0,0,0,0,0,0,0,0,0,0,0,0,0,0,0,0,0,0,0,0,0,0,0,0,0,0,0,0,0,0,0,0,0,0,0,0,0,0,0,0,0,0,0,0,0,0,0,0,0,0,0,0,0,0,0,0,0,0,0,0,0,0,0,0,0,0,0,0,0,0,0,0,0,0,0,0,0,0,0,0,0,0,0,0,0,0,0,0,0,0,0,0,0,0,0,0,0,0,0,0,0,0,0,0,0,0,0,0,0
108,0.00223354710280208,-0.161162428182785,-0.131809496168301,-0.0698345783544647,-0.0408624844170935,0.00852877371952807,-0.101203345282003,-0.155094172618301,-0.174925951688533,-0.223354026378485,-0.158239239742339,-0.232035027990015,-0.121345984725718,-0.239407376889181,-0.210728655711928,-0.179241599768434,-0.183270028994219,-0.0811743903817219,-0.107980606185801,-0.0693088348530269,-0.156559749413782,-0.210391844469657,-0.181784168301519,-0.20995072077879,-0.297445980963062,-0.33867590012809,-0.193685499144807,-0.295798028745685,-0.188450945379034,-0.0583940281762292,-0.217699329255055,-0.298676987986092,-0.202919487806204,-0.157618348522468,-0.148800000685196,-0.128094516608426,-0.0979758306812157,-0.206733053470739,-0.145328566247156,-0.112683162981993,-0.119634890420712,-0.0936320902124358,-0.109376716107139,-0.135194222948933,-0.216637543068563,-0.197005315417821,-0.310254876399394,-0.291192232273139,-0.342587184368515,-0.386958909028902,-0.302957089951797,-0.281452843142517,-0.191875275840749,-0.337776793213942,-0.229283685918526,-0.247642054470454,-0.425091572789069,-0.235667778281687,-0.302048773135876,-0.289568235711344,-0.258772493027085,-0.178914296915439,-0.1186280338822,-0.257951766369278,-0.176399878024054,-0.275351125606724,-0.191272442826323,-0.152296614233425,-0.140448513628586,-0.136570028690286,-0.225233318026075,-0.168023956203239,-0.208358520351543,-0.142176700185092,-0.099992423036903,-0.0755185807248659,0.0451548292238501,-0.0382550384111818,-0.0228918460733673,-0.11326395916006,-0.170577071191073,-0.167433976760136,-0.0914210753475709,-0.0315318962952796,0.0162632762127083,0.0872808758437493,-0.000635377334216064,0.0383675328633919,0.00443239657438546,0.00900432128851673,0.099173090581479,-0.0642369702019732,-0.0349517372564229,-0.0786708887479574,-0.0768994672825764,-0.11461725497306,-0.0822415733746523,-0.0495831386503138,-0.0768190445252601,-0.00918156394248924,-0.0264717185516636,-0.0374921903291007,-0.125685329814976,-0.17535787521585,-0.17783342056115,-0.220622983704456,-0.0641111468273985,-0.0448505673774174,0.102935313767305,-0.0450764307047761,-0.0599377969080506,-0.121220191284316,-0.0678569800372363,-0.0619061430404924,0.0208185723333356,0.0318260600874687,-0.107246841044562,0.0224520485647863,-0.109737338060916,-0.0701525045637684,-0.066744169675277,-0.0154341213901916,0.0094202507350221,-0.101238687726381,-0.0468438770724387,-0.190651312899957,-0.193141304451226,-0.141565264488944,-0.10649527383545,-0.0250870106377906,-0.0415576681996652,0.07431594611016,-0.0115621749886205,-0.0685711123981902,-0.231741393710365,-0.357239213291548,-0.314067404015204,-0.301141440986501,-0.243450290304481,-0.213905325895637,-0.149280937788929,-0.263988824613517,-0.157566308462514,-0.152874227442582,-0.264045138853461,-0.13142306241376,-0.229124455722644,-0.170979114137803,-0.181792191595941,-0.259550761609143,-0.200972107045106,-0.295596019011815,-0.206722736778093,-0.104348593972597,-0.104750890766616,-0.0651897384936897,-0.106139501620518,-0.164761508307451,-0.215088731667308,-0.208834452801654
109,0,0,0,0,0,0,0,0,0,0,0,0,0,0,0,0,0,0,0,0,0,0,0,0,0,0,0,0,0,0,0,0,0,0,0,0,0,0,0,0,0,0,0,0,0,0,0,0,0,0,0,0,0,0,0,0,0,0,0,0,0,0,0,0,0,0,0,0,0,0,0,0,0,0,0,0,0,0,0,0,0,0,0,0,0,0,0,0,0,0,0,0,0,0,0,0,0,0,0,0,0,0,0,0,0,0,0,0,0,0,0,0,0,0,0,0,0,0,0,0,0,0,0,0,0,0,0,0,0,0,0,0,0,0,0,0,0,0,0,0,0,0,0,0,0,0,0,0,0,0,0,0,0,0,0,0,0,0,0,0
110,0,0,0,0,0,0,0,0,0,0,0,0,0,0,0,0,0,0,0,0,0,0,0,0,0,0,0,0,0,0,0,0,0,0,0,0,0,0,0,0,0,0,0,0,0,0,0,0,0,0,0,0,0,0,0,0,0,0,0,0,0,0,0,0,0,0,0,0,0,0,0,0,0,0,0,0,0,0,0,0,0,0,0,0,0,0,0,0,0,0,0,0,0,0,0,0,0,0,0,0,0,0,0,0,0,0,0,0,0,0,0,0,0,0,0,0,0,0,0,0,0,0,0,0,0,0,0,0,0,0,0,0,0,0,0,0,0,0,0,0,0,0,0,0,0,0,0,0,0,0,0,0,0,0,0,0,0,0,0,0
111,0,0,0,0,0,0,0,0,0,0,0,0,0,0,0,0,0,0,0,0,0,0,0,0,0,0,0,0,0,0,0,0,0,0,0,0,0,0,0,0,0,0,0,0,0,0,0,0,0,0,0,0,0,0,0,0,0,0,0,0,0,0,0,0,0,0,0,0,0,0,0,0,0,0,0,0,0,0,0,0,0,0,0,0,0,0,0,0,0,0,0,0,0,0,0,0,0,0,0,0,0,0,0,0,0,0,0,0,0,0,0,0,0,0,0,0,0,0,0,0,0,0,0,0,0,0,0,0,0,0,0,0,0,0,0,0,0,0,0,0,0,0,0,0,0,0,0,0,0,0,0,0,0,0,0,0,0,0,0,0
112,0.00249287819202111,-0.0792391579328636,-0.0484719605561449,0.000920907607877656,0.0469123699816234,0.0755769407675494,0.00889622840434322,-0.104448669124496,-0.168904663273702,-0.252461660389153,-0.215011590775143,-0.186708347394525,0.043922431351005,0.0342277532052353,0.0793272440932617,-0.0210926680995885,-0.218486369409603,-0.245644330617302,-0.298724992345085,-0.149304468574615,-0.0156141642843915,0.0373557391911306,0.0630287485224315,-0.0429099056959664,-0.157656674663021,-0.269457220298201,-0.226806618212515,-0.258083168140337,-0.158055762165677,-0.078428883767226,-0.106843890091534,-0.126839108715753,-0.19706039583157,-0.256544082847258,-0.25905167908012,-0.0987008079323543,0.0118617968253767,0.0366170188391537,0.0322241920276099,-0.116255781552298,-0.25892299228106,-0.334841445510938,-0.387454298207805,-0.284708613654217,-0.180596047905198,-0.00100004121130118,-0.0660695979227523,-0.145500626971724,-0.149663275878568,-0.293824168450168,-0.27745428173326,-0.201603486352958,-0.12101064169585,-0.148451284073051,-0.0491761127000851,-0.102634820830666,-0.337214810125795,-0.285612457944139,-0.320287584636806,-0.295566579901458,-0.168413364101609,-0.0606965516403763,-0.0290762890205085,-0.238621427490112,-0.25887800191361,-0.390637827668476,-0.344128915924015,-0.23169485026677,-0.0914033953070449,0.0159400291288684,0.0156129947396785,-0.0181905082061485,-0.236613085639236,-0.289375855386671,-0.3438136053549,-0.223532267649002,-0.0396441162882166,0.0349361075861588,0.086756508657518,-0.00726389305413996,-0.0480531755414298,-0.108187399648548,-0.112566969039409,0.0125707530132201,0.0952342024194179,0.160332620998126,0.0938900265107563,0.0245328502400874,-0.0281589329987366,-0.133144037288547,-0.0497026956206517,-0.00660899715856857,0.0157564209381148,0.185595332314394,0.229684351735075,0.132353273124016,-0.0382471274821458,-0.141695654756042,-0.187585422822897,-0.0512152119703371,0.133681342562289,0.195993030259404,0.185957964271323,0.051301107634854,0.000834722599897102,-0.10444923056337,-0.0423053792911047,-0.063727605083014,-0.00692212208168506,0.0793438890834082,0.0120664320866582,0.0772222155050068,-0.0434274899099343,0.00848526265025708,0.0093183103198175,0.153242359073395,0.115550295764828,0.179741519249905,0.0143319339528617,-0.144828003040666,-0.24486411610585,-0.205376951234631,-0.0402898772843905,0.0121396036184432,0.171081602504464,0.0921233189012875,0.0274049604873921,0.0211858610414491,-0.0784462424169218,0.00966461585286944,0.0915309453421893,0.18251793529566,0.135833979850232,0.171328219782557,-0.0650068292258031,-0.189598812581383,-0.195696179506864,-0.164785172514761,-0.0690417031899783,0.0025744557524848,0.0811945721593673,0.0261894908874712,-0.0842670270602828,-0.203768108011813,-0.274557946551691,-0.266929194342413,-0.177314373934699,-0.0563395009929509,0.0537666633842695,-0.0360851620429426,-0.0297876031366985,-0.213568477208885,-0.312311700972919,-0.277961979871071,-0.204295771405035,-0.101561165091785,0.00568073353349883,0.0083397250046486,-0.025649612818103,-0.11802825590409
113,0,0,0,0,0,0,0,0,0,0,0,0,0,0,0,0,0,0,0,0,0,0,0,0,0,0,0,0,0,0,0,0,0,0,0,0,0,0,0,0,0,0,0,0,0,0,0,0,0,0,0,0,0,0,0,0,0,0,0,0,0,0,0,0,0,0,0,0,0,0,0,0,0,0,0,0,0,0,0,0,0,0,0,0,0,0,0,0,0,0,0,0,0,0,0,0,0,0,0,0,0,0,0,0,0,0,0,0,0,0,0,0,0,0,0,0,0,0,0,0,0,0,0,0,0,0,0,0,0,0,0,0,0,0,0,0,0,0,0,0,0,0,0,0,0,0,0,0,0,0,0,0,0,0,0,0,0,0,0,0
114,0,0,0,0,0,0,0,0,0,0,0,0,0,0,0,0,0,0,0,0,0,0,0,0,0,0,0,0,0,0,0,0,0,0,0,0,0,0,0,0,0,0,0,0,0,0,0,0,0,0,0,0,0,0,0,0,0,0,0,0,0,0,0,0,0,0,0,0,0,0,0,0,0,0,0,0,0,0,0,0,0,0,0,0,0,0,0,0,0,0,0,0,0,0,0,0,0,0,0,0,0,0,0,0,0,0,0,0,0,0,0,0,0,0,0,0,0,0,0,0,0,0,0,0,0,0,0,0,0,0,0,0,0,0,0,0,0,0,0,0,0,0,0,0,0,0,0,0,0,0,0,0,0,0,0,0,0,0,0,0
115,0.00832589962957011,-0.545376701984983,-0.496550302299803,-0.473080577343104,-0.54271990036681,-0.514311584836822,-0.640302743708712,-0.647751546372382,-0.77912852638619,-0.88747774455828,-0.799810647218645,-0.977496976838774,-0.694531543732909,-0.627846099724769,-0.679794848212628,-0.540833098406272,-0.498316613596306,-0.590655833939975,-0.606262785250133,-0.487202087323976,-0.377058621436619,-0.520638311785614,-0.353513260527597,-0.377736019008165,-0.450161268151972,-0.369232522079025,-0.277995596775493,-0.319662523241586,-0.427103591604564,-0.410028762516977,-0.38310966519045,-0.380781238874145,-0.251914640720663,-0.315389278631886,-0.288077589610531,-0.18156611545316,0.00823979208271285,-0.0902958682765094,0.0156111506462379,-0.0586917921416811,-0.218925551785405,-0.212910715785605,-0.315840193049331,-0.194297043038319,-0.270425505468613,-0.144959678090006,-0.179188814619471,-0.197621379730667,-0.0872849109425485,-0.0940671590735319,-0.145752793020706,-0.280328782896855,-0.291415620229142,-0.408342771139904,-0.405662198413311,-0.214438659854434,-0.356241218768396,-0.340411527277019,-0.299381897259641,-0.284823189764817,-0.28623414314259,-0.296993906990202,-0.18626575170718,-0.406378324511222,-0.375330038684504,-0.430623367555671,-0.438224922608814,-0.346116935070489,-0.310627034825696,-0.210022142163574,-0.245193085475276,-0.208300135738632,-0.237027123841624,-0.256991108906417,-0.330820611320664,-0.33759959854154,-0.167730537471765,-0.291478396829629,-0.148118094085345,-0.111181592019574,-0.0912198054942764,-0.0705614732847256,-0.1053273757474,-0.0258802487787793,-0.149644088277153,-0.0529826051808993,-0.0456025155036351,-0.182890115130082,-0.0836213187561951,-0.188902787974516,-0.0777416429720849,-0.0665563427092039,-0.0272951520941242,0.185176894179666,0.0922763135655645,0.174819072633085,0.0731875242917658,0.0138982302728213,-0.0418481442418991,0.00785357021534078,0.000970629464777659,0.0106206150572133,0.0366520606189172,0.0205049667728012,0.123617163664636,0.0143881230872403,0.169404441725916,-0.0121278680101512,-0.0674414034270106,0.14644603300917,-0.0801041994328728,-0.0278976640707138,0.0330263303640809,-0.0343523587882408,0.0261192465909284,0.0725187715459739,-0.00713631831009478,0.00925895944823197,0.0301272103331804,-0.196829120542591,-0.261443534176127,-0.261285179761551,-0.161303628148786,-0.198559316127531,-0.06958488978671,-0.112045448098257,-0.163366448452333,-0.00181580659640414,-0.0202290343704099,0.00810352340045644,-0.191120481170918,-0.129693381015943,-0.241690051052106,-0.306100813916364,-0.31252132028167,-0.386359639487892,-0.344671181880617,-0.271181361986414,-0.189629615935747,-0.217967743194978,-0.236593823586772,-0.211575039779392,-0.250453857813227,-0.392933012059897,-0.408050354880544,-0.398693057422081,-0.277277857345732,-0.27439922113066,-0.208402175535629,-0.331166109747556,-0.295851667910576,-0.313685223958416,-0.438840911081913,-0.419986986802507,-0.638159733191097,-0.589843556282998,-0.573958128188843,-0.506065323415567,-0.432800154132148,-0.645317363345406
116,0,0,0,0,0,0,0,0,0,0,0,0,0,0,0,0,0,0,0,0,0,0,0,0,0,0,0,0,0,0,0,0,0,0,0,0,0,0,0,0,0,0,0,0,0,0,0,0,0,0,0,0,0,0,0,0,0,0,0,0,0,0,0,0,0,0,0,0,0,0,0,0,0,0,0,0,0,0,0,0,0,0,0,0,0,0,0,0,0,0,0,0,0,0,0,0,0,0,0,0,0,0,0,0,0,0,0,0,0,0,0,0,0,0,0,0,0,0,0,0,0,0,0,0,0,0,0,0,0,0,0,0,0,0,0,0,0,0,0,0,0,0,0,0,0,0,0,0,0,0,0,0,0,0,0,0,0,0,0,0
117,0,0,0,0,0,0,0,0,0,0,0,0,0,0,0,0,0,0,0,0,0,0,0,0,0,0,0,0,0,0,0,0,0,0,0,0,0,0,0,0,0,0,0,0,0,0,0,0,0,0,0,0,0,0,0,0,0,0,0,0,0,0,0,0,0,0,0,0,0,0,0,0,0,0,0,0,0,0,0,0,0,0,0,0,0,0,0,0,0,0,0,0,0,0,0,0,0,0,0,0,0,0,0,0,0,0,0,0,0,0,0,0,0,0,0,0,0,0,0,0,0,0,0,0,0,0,0,0,0,0,0,0,0,0,0,0,0,0,0,0,0,0,0,0,0,0,0,0,0,0,0,0,0,0,0,0,0,0,0,0
118,-0.00225153107037819,-0.302489550561492,-0.304195134167742,-0.290582742525126,-0.245013378727278,-0.152841464893821,-0.186617115811719,-0.233327968318453,-0.263907076652245,-0.360993895492311,-0.348304791813023,-0.407705462774695,-0.251117283057926,-0.274781331012311,-0.133591833499553,-0.161721092315897,-0.200791591666124,-0.253850364155975,-0.326616250997058,-0.233396055902425,-0.275501878845241,-0.212301974461028,-0.230258689986782,-0.231005430463707,-0.27893891047695,-0.355975972523872,-0.299329654422183,-0.266837351553729,-0.180127238874352,-0.128528825237147,-0.135807512891807,-0.154209763805683,-0.2118277005212,-0.218062875584913,-0.237059259164759,-0.239782095738702,-0.179684751033804,-0.150470900826919,-0.0561361089344672,-0.0660000561254271,-0.112086694781255,-0.211809485882261,-0.24133212131453,-0.266605303841856,-0.270698279048557,-0.121229201031466,-0.18679780075333,-0.115524496642856,-0.194762737898479,-0.221354677877042,-0.192103785420572,-0.224988326758724,-0.163753177285725,-0.220354740844849,-0.124702225753994,-0.198803490130899,-0.266081403863982,-0.227968027719079,-0.297935995698339,-0.284911661114939,-0.256095376650989,-0.145086076999591,-0.0394437273072445,-0.0688674129241523,-0.139696015432083,-0.283362712811184,-0.290313459689842,-0.321503029874516,-0.23740496524326,-0.162800333307052,-0.168275092590704,-0.130459078118457,-0.225331735118229,-0.171554829734887,-0.252768838656593,-0.180787995971125,-0.109538249141796,-0.128290497297036,-0.0738050356085873,-0.128918768867371,-0.160662318725397,-0.188465154282966,-0.1261499534851,-0.0978338724866165,-0.103380807827973,0.0329724601727917,-0.0105065065507804,0.0252926798697438,-0.0820677712191698,-0.0975270732409349,-0.132333610556734,-0.206950913860443,-0.154723360094794,-0.0869974801985653,0.0227914310796146,-0.0498389154738176,-0.0631161210301353,-0.118069609409747,-0.19643982829564,-0.141757701765251,-0.139523763019074,-0.096283871187198,-0.118524980884087,-0.143780337615665,-0.1396085501764,-0.153031356272624,-0.113781077732116,-0.163325201390028,-0.0845621353406904,-0.0630206015290891,-0.101202037312292,-0.0610562972813083,-0.163474386075435,-0.120008409401592,-0.213136425536455,-0.191899498270028,-0.138699175461801,-0.120023856260034,-0.0926442204219489,-0.0887461271436468,-0.207314962862226,-0.234185813022833,-0.193478430412824,-0.177958566646612,-0.085385582552266,-0.148417845972439,-0.127774903180956,-0.132127526007986,-0.115157378339117,-0.092698119080609,-0.0857098207733916,-0.043972906881095,-0.10162545154338,-0.0841506227903104,-0.239165844278926,-0.275681451839472,-0.264976246790166,-0.297728899226592,-0.217108715778917,-0.235973558114111,-0.1440427650496,-0.140578821180235,-0.134966839277236,-0.203214688297774,-0.331924811279974,-0.354545129943762,-0.408148154376407,-0.342464589946896,-0.259128216139249,-0.280942393392475,-0.251046703121785,-0.360979720102967,-0.298922362697019,-0.34556000200733,-0.341360861619046,-0.25188223071545,-0.244724635909865,-0.277920945349691,-0.297318335181151,-0.282603404146254
119,0.000348693463799961,-0.318025788092006,-0.338305258411089,-0.221287593564555,-0.142761797263502,0.018477168057443,-0.0296954817948705,-0.144075184883993,-0.254038090805629,-0.41962770557134,-0.412568198509932,-0.41376689020218,-0.138104677836956,-0.110160277559923,0.0370694229143159,-0.00787771619096514,-0.127297190881394,-0.248797308300546,-0.29991953619397,-0.20429706077402,-0.231203734504724,-0.173922830887404,-0.127657566892699,-0.156035938981458,-0.246109062311216,-0.33765582149673,-0.29850713515985,-0.29642835572316,-0.16557819320391,-0.0122369944135957,-0.037390717546205,-0.102033260279999,-0.224565073058811,-0.355989674586257,-0.356864598926968,-0.284548435298171,-0.128605173735567,-0.03721161226447,0.0663611834611385,-0.0103396981526324,-0.159658109235092,-0.28735419846207,-0.381390883660375,-0.410406961001846,-0.347561235216651,-0.161759648767826,-0.170942245183151,-0.0762639310461107,-0.151410378406401,-0.258745788837514,-0.188494298365752,-0.195298931893043,-0.102799152416606,-0.164020829732408,-0.12463911679369,-0.160027662399058,-0.32660125573533,-0.297951886097907,-0.39037267591244,-0.325944970238184,-0.155968828559057,0.0345045464175388,0.106386610650673,-0.0540268950419075,-0.172736352078389,-0.40304122668249,-0.42616060034743,-0.422740207496275,-0.282494311806775,-0.14505829113831,-0.207635672331552,-0.21973429981651,-0.327291899571296,-0.33805230054527,-0.460955307074809,-0.269275693558752,-0.185047670789304,-0.193386676745354,-0.107929274312917,-0.175650109472655,-0.266381380488607,-0.386461254246619,-0.340085110470997,-0.253228849540221,-0.159758705994535,0.0820573335615014,0.0505140885288881,-0.0282476790342182,-0.160752405293463,-0.230073898261843,-0.247356931077333,-0.316945994542338,-0.137794932728045,-0.000374284346142903,0.118280646636616,0.0731454252919062,-0.0349927047479597,-0.137119544077457,-0.250257731569304,-0.219075844300483,-0.20050724280039,-0.109249930867115,-0.0649213513873525,-0.138173861627061,-0.151602967790229,-0.221888818760512,-0.208116487934641,-0.19157793535772,-0.0474453932531829,0.061399238416845,0.00342873787312263,0.00925975197411037,-0.180626713795383,-0.26531106399656,-0.330610767031364,-0.251516923911016,-0.139711551063006,-0.0584449852569324,0.165492261625027,-0.119211728377598,-0.230473514872768,-0.299558080868455,-0.206265521335799,-0.142269858942926,-0.0104601476791181,-0.0544669368498923,-0.00114831258533075,-0.0387225314351797,-0.0703315902147487,-0.0959521788307779,-0.0819360856744163,-0.0191662453631597,-0.0100771241209622,0.0222711906208457,-0.175432471481564,-0.36849024116583,-0.419319067896092,-0.425588345240008,-0.281773940987638,-0.183220395527989,0.014822281854976,-0.00232489260993056,-0.0588565384392516,-0.212206289664179,-0.423847002404865,-0.462957903885156,-0.470437593640271,-0.382240544065914,-0.214775041330911,-0.19962233974387,-0.203234875737053,-0.377392556886538,-0.441716027353276,-0.419946730572826,-0.404578890017691,-0.296935950365973,-0.172549275100576,-0.150249015668644,-0.202995692575708,-0.280172533006512
120,0.000835979697857714,-0.129511275178969,0.00760642401229299,0.138203524627654,0.255614437937244,0.274875060527038,0.159720110877644,0.021755645164535,-0.0676591848882752,-0.112524534896416,0.0077033832354613,0.0902935365511721,0.243976743214447,0.185268543548964,0.160549649859654,0.0521755252126581,-0.0745832003695098,-0.0967024359784247,-0.0818485207598316,0.0830023318299428,0.129496510619996,0.173975448847957,0.13649469571878,0.0364301962295637,-0.0632687175303211,-0.109312479004784,0.0136466854521637,0.0690539422161256,0.153624847882531,0.132744479092815,0.055018749367598,-0.0675436620870049,-0.140231617505266,-0.116098911422557,-0.0136454355606734,0.076336590490983,0.238608325952229,0.258607514598203,0.193563745512259,0.0549861921382381,-0.0804227500574476,-0.0474982537923809,0.0434992291190441,0.134738281336542,0.176050332131179,0.22711874206674,0.13297786220653,0.0661488183841063,-0.0165652116420808,-0.0686740463697516,-0.0305267548569276,0.0831944462099565,0.215468057869007,0.16652427001224,0.16038756511037,-0.00194635590760165,-0.12941443815579,-0.120419384695738,-0.0491659893313055,0.0258221248669304,0.126441482289734,0.1500490202741,0.129193752299956,-0.0842705786808453,-0.157732207439096,-0.194027194321887,-0.101698214705413,-0.00392023796508702,0.0756255471043323,0.0604829528774274,0.0286693354099346,-0.058535293108788,-0.198540178217964,-0.233651508799197,-0.147475927598125,0.00939721006048376,0.157652181683054,0.143877544216691,0.0976923282689264,-0.0994598303010739,-0.140064222655399,-0.114060004494895,0.00483088920826472,0.133894689933569,0.191409513768582,0.211770781163254,0.101623644250451,-0.00679750030678155,-0.0940507767595097,-0.0820516654388309,0.0657202538793305,0.131627338471124,0.250160994733991,0.284967259036909,0.223309520668406,0.0565234817642715,-0.0178129368851552,-0.0651069071525499,-0.00538530459312854,0.157679972886395,0.258014640113124,0.328265503805885,0.17748539076521,0.0709245206265648,-0.00305236234333007,-0.0100202087047211,0.0800927158323466,0.16304529657197,0.231488082664769,0.249613951530681,0.146756708227306,0.0881916371162306,0.00775342000819699,0.00735724405883885,0.0972884927756587,0.19130735237068,0.323360044009633,0.29797483775073,0.225215211091385,0.084213195792437,-0.0497185045405729,0.0730790248360599,0.216789217106142,0.289488009765072,0.36091702204574,0.219587670540829,0.133763428599433,0.0589989130267625,0.0896305838304387,0.17435326015612,0.234407420575198,0.323487379291398,0.271634875520413,0.203950147182454,-0.00930757455904072,-0.12133463747432,-0.138334478523845,-0.0310675370463936,0.114609992404319,0.14068927732697,0.197027211801036,0.0384778896953046,-0.063956643639545,-0.191739533324137,-0.163024027136362,-0.072756956519149,0.0407064839238321,0.182633615085573,0.199490047575665,0.0780343513773737,0.0145900507184655,-0.192328097676747,-0.157965538617853,-0.128906605374793,-0.0255086959784364,0.0989507114235274,0.137968000741971,0.0425946544656325,-0.0434897821347624,-0.147592356519933
121,0,0,0,0,0,0,0,0,0,0,0,0,0,0,0,0,0,0,0,0,0,0,0,0,0,0,0,0,0,0,0,0,0,0,0,0,0,0,0,0,0,0,0,0,0,0,0,0,0,0,0,0,0,0,0,0,0,0,0,0,0,0,0,0,0,0,0,0,0,0,0,0,0,0,0,0,0,0,0,0,0,0,0,0,0,0,0,0,0,0,0,0,0,0,0,0,0,0,0,0,0,0,0,0,0,0,0,0,0,0,0,0,0,0,0,0,0,0,0,0,0,0,0,0,0,0,0,0,0,0,0,0,0,0,0,0,0,0,0,0,0,0,0,0,0,0,0,0,0,0,0,0,0,0,0,0,0,0,0,0
122,0.013338773674149,-0.0964163603810977,-0.126541138222034,-0.0941102694567222,0.0327992522255526,0.0590923876980896,0.210007899460281,0.020934195564983,-0.100268982282641,-0.0906463322445528,-0.0777332091415011,0.0260785022834883,0.174166251373323,0.0676993544048363,0.155471115618479,-0.0636330036066666,-0.124554758760343,-0.259304449148305,-0.270420529179718,-0.190340059100578,0.0636787812492595,0.0220202763642932,0.0140264597087175,0.179963806793717,-0.0073500390439466,-0.012193834529496,-0.158997596177037,-0.229160493536601,-0.192182407979611,-0.011431640096544,0.0499784448582729,-0.139403611879829,-0.21127752227865,-0.375124618948422,-0.127900216308142,-0.136646966517831,-0.1089002389388,0.164740837679508,0.285184367793992,0.273881363398176,0.163010438435254,0.0585758692922183,-0.00619951567058622,0.0827165747870294,0.0499136208835239,0.134831837055225,0.0834311098906025,-0.00458388927999037,-0.0905216630638837,-0.0984989526028453,-0.08779215441025,0.00163628589075914,0.0831679038907313,0.212224627997729,0.241609827188655,0.210254543729279,0.199039747080204,0.20602376968054,0.0810541115857711,0.0153073517615929,0.184749671831778,0.0927529356492733,0.201238269078436,0.0823638410374874,-0.0985027289884751,-0.218489060005846,-0.172912082327651,0.0345391968901055,0.123932358997925,0.258613515618308,0.194508908512434,0.13309823228499,0.268300445924292,0.193773976455144,0.0815695446236969,0.0668794892771629,0.0129184624156464,0.111595181310692,0.0262849720535798,0.0962974797959702,0.156603682292424,-0.0619834245940938,-0.0153113937074537,0.0729954133525033,0.0651829775430538,0.108819466150626,0.211756476681391,0.221955777199984,0.254031065096638,0.154273846030874,0.199094533206141,0.271585104148077,0.148958607347413,0.32265521997918,0.129069773632084,0.0298754762766752,0.0475864577230375,-0.0397277266053087,0.0418519534259672,-0.00271364489171222,0.214966300815326,0.22160324281224,0.214667910832735,0.256040609804832,0.128293122322944,0.0209364892882634,0.0143708793079968,-0.116558069085971,-0.103424936838146,-0.0840675304404175,-0.0867997166066766,-0.0273860869946637,-0.0881621810086852,-0.059652455250503,-0.0254646919632342,-0.168175789158016,0.0674282412841908,0.200862935327362,0.0726860675685515,0.149336219303609,0.0637734615934361,-0.00918604733767316,0.00732197344275449,0.0274508333442065,-0.118205758270606,-0.0393901284084712,-0.0917922430937776,-0.0731005662355885,-0.162505550603395,-0.153167461860095,-0.194221236680855,-0.178209923712932,-0.0724514345965468,-0.104758380132402,-0.300753161268421,-0.146162104899904,-0.263610503328726,-0.230840071782786,-0.0768868652499459,-0.0861770861849129,-0.139333465699093,-0.210418111712311,-0.209269979001299,-0.450184840988652,-0.505691441009903,-0.403403062931017,-0.322843867954736,-0.34843591024958,-0.179069131137116,-0.11902999473838,-0.152959847066003,-0.262650363183862,-0.377169314215835,-0.145264887247239,-0.214848672877328,-0.0968313029236725,-0.0069098721061543,-0.223012394519803,-0.121204845567967,-0.219897615907264
123,0,0,0,0,0,0,0,0,0,0,0,0,0,0,0,0,0,0,0,0,0,0,0,0,0,0,0,0,0,0,0,0,0,0,0,0,0,0,0,0,0,0,0,0,0,0,0,0,0,0,0,0,0,0,0,0,0,0,0,0,0,0,0,0,0,0,0,0,0,0,0,0,0,0,0,0,0,0,0,0,0,0,0,0,0,0,0,0,0,0,0,0,0,0,0,0,0,0,0,0,0,0,0,0,0,0,0,0,0,0,0,0,0,0,0,0,0,0,0,0,0,0,0,0,0,0,0,0,0,0,0,0,0,0,0,0,0,0,0,0,0,0,0,0,0,0,0,0,0,0,0,0,0,0,0,0,0,0,0,0
124,0,0,0,0,0,0,0,0,0,0,0,0,0,0,0,0,0,0,0,0,0,0,0,0,0,0,0,0,0,0,0,0,0,0,0,0,0,0,0,0,0,0,0,0,0,0,0,0,0,0,0,0,0,0,0,0,0,0,0,0,0,0,0,0,0,0,0,0,0,0,0,0,0,0,0,0,0,0,0,0,0,0,0,0,0,0,0,0,0,0,0,0,0,0,0,0,0,0,0,0,0,0,0,0,0,0,0,0,0,0,0,0,0,0,0,0,0,0,0,0,0,0,0,0,0,0,0,0,0,0,0,0,0,0,0,0,0,0,0,0,0,0,0,0,0,0,0,0,0,0,0,0,0,0,0,0,0,0,0,0
125,0,0,0,0,0,0,0,0,0,0,0,0,0,0,0,0,0,0,0,0,0,0,0,0,0,0,0,0,0,0,0,0,0,0,0,0,0,0,0,0,0,0,0,0,0,0,0,0,0,0,0,0,0,0,0,0,0,0,0,0,0,0,0,0,0,0,0,0,0,0,0,0,0,0,0,0,0,0,0,0,0,0,0,0,0,0,0,0,0,0,0,0,0,0,0,0,0,0,0,0,0,0,0,0,0,0,0,0,0,0,0,0,0,0,0,0,0,0,0,0,0,0,0,0,0,0,0,0,0,0,0,0,0,0,0,0,0,0,0,0,0,0,0,0,0,0,0,0,0,0,0,0,0,0,0,0,0,0,0,0
126,0,0,0,0,0,0,0,0,0,0,0,0,0,0,0,0,0,0,0,0,0,0,0,0,0,0,0,0,0,0,0,0,0,0,0,0,0,0,0,0,0,0,0,0,0,0,0,0,0,0,0,0,0,0,0,0,0,0,0,0,0,0,0,0,0,0,0,0,0,0,0,0,0,0,0,0,0,0,0,0,0,0,0,0,0,0,0,0,0,0,0,0,0,0,0,0,0,0,0,0,0,0,0,0,0,0,0,0,0,0,0,0,0,0,0,0,0,0,0,0,0,0,0,0,0,0,0,0,0,0,0,0,0,0,0,0,0,0,0,0,0,0,0,0,0,0,0,0,0,0,0,0,0,0,0,0,0,0,0,0
127,0.0118432467881113,-0.464990081903771,-0.491223158795318,-0.550548410372266,-0.541049672215346,-0.731340560116718,-0.701426633990761,-0.549667608769881,-0.626101109065325,-0.60914132383123,-0.505896534738512,-0.66095334170548,-0.502829562478316,-0.552337742328733,-0.37152185984767,-0.369905342972507,-0.572604708662694,-0.652102559418999,-0.773621551353025,-0.70084543652279,-0.735791149677113,-0.795971910462777,-0.716576705625411,-0.59390126219903,-0.515678943711919,-0.628413526848737,-0.553062396811493,-0.777823817252121,-0.928824798906242,-0.928096361530143,-0.906397394470627,-0.864525000120516,-0.855627402239808,-0.751503173642202,-0.817043911478299,-0.80963077753841,-0.799799870863969,-0.757636766538336,-0.68267163416334,-0.632418000823428,-0.623199667329921,-0.684772140756709,-0.779682451821196,-0.849840389604477,-0.967175581734995,-0.905233702283463,-0.749899537490285,-0.445561808385746,-0.510815959468957,-0.588412998042861,-0.635948905455163,-0.780033073074711,-0.827891806843327,-0.992542406538279,-0.956495369860876,-0.910329309935743,-0.741248959099025,-0.616463691912558,-0.652127441319124,-0.71780592602528,-0.710931664228323,-0.750879719158515,-0.794181052321409,-0.694932135776408,-0.656062807774271,-0.814256235652147,-0.839682365785926,-0.888890657220439,-0.860303913597872,-0.859280092595888,-0.632754369557155,-0.682815135690129,-0.808941905991678,-0.615688941910394,-0.709492797388943,-0.762288156543381,-0.705814324178119,-0.730096697138512,-0.597175807503225,-0.48936273658116,-0.337616979928859,-0.378926693580754,-0.408718359850452,-0.32819952315592,-0.328470657727095,-0.289259553278261,-0.348737312012562,-0.269518833783713,-0.281234516020059,-0.221620284562472,-0.181508115682361,-0.357873604470978,-0.289258694465753,-0.14994033976311,-0.0619953344349248,-0.183705808262615,-0.0373368642200625,-0.102604230760522,-0.269319810641351,-0.252065212933792,-0.352371250389501,-0.239359639651953,-0.302656828505454,-0.0798490261298242,-0.00323484924407626,-0.0385321566557207,0.00565961526257567,-0.183781472342056,-0.228620654356786,-0.200699800669985,-0.270445262839142,-0.205215044329318,-0.158824343327857,0.0740899836664249,0.0546387493122057,0.0199029098497094,0.0025077338379744,-0.150687340654399,-0.0727741539005196,-0.109650734158756,-0.119937994478827,-0.227131588851767,-0.256565809090821,-0.226057529613831,-0.263984054502843,-0.144753584269024,-0.158440910246033,-0.0516821125930186,0.0761643381410759,0.0553672656361193,-0.12514961323609,-0.15050616187735,-0.290151324653063,-0.305338018767156,-0.332564894147787,-0.317244496061036,-0.186790821547335,-0.205339922572849,-0.117580774411708,-0.354495401254944,-0.291227478308741,-0.340165119731275,-0.299755057381737,-0.260286186524296,-0.468388567030114,-0.407479793246154,-0.539285458690505,-0.599590965049375,-0.38863670839002,-0.382611659953936,-0.334821619111536,-0.542101081526485,-0.438466274906456,-0.610205314417202,-0.713094025633337,-0.75170414479625,-0.765091787508144,-0.814659796998387,-0.681969127711997,-0.538577283953191
128,0.000291456616200386,-0.228748005752168,-0.103843871862557,-0.0435451530540366,0.0106531425732765,0.000307140416156448,-0.124701423370953,-0.144391769977963,-0.276540267284203,-0.229370871903385,-0.205309145127219,-0.176695821905453,-0.0428778918524129,-0.112216683712334,-0.0751101395595857,-0.220410638505672,-0.171983844595989,-0.216719123560692,-0.13717242057475,-0.0682244107416065,-0.098548090168027,-0.0717800735884696,-0.20475713219723,-0.204384379697869,-0.262136113862549,-0.290739134504945,-0.203675158985463,-0.183347135189156,-0.0669655570974666,-0.110980845594256,-0.172230089885461,-0.0751490023742637,-0.109608512356509,-0.0790663724988407,-0.109251356067496,-0.00726190020695939,0.0176903511329352,0.0414798022037137,0.042141901229075,-0.0389344298863176,-0.0958178080401073,-0.141041229889429,-0.0167700845603748,-0.0261294350067727,0.0700957557201194,0.0511746765290612,-0.0211280150188001,-0.048442398768398,-0.12788395245789,-0.0268203983364423,-0.00401963084444565,0.0927202954275809,0.104197286020958,0.00603335643756137,0.0302017255112169,-0.111365871326857,-0.164906915618653,-0.136343690320164,-0.129162996554615,-0.102534753209684,-0.0397660664765809,0.0660761162688091,0.0149895055332181,-0.0855896186589482,-0.158285344330748,-0.246789629070799,-0.109293446351891,-0.0424259750750319,0.0652151253362401,-0.0566103042858079,-0.0195426826765873,-0.0893534451486646,-0.167077418017412,-0.0636009650431306,-0.0985082146699679,0.015171315919118,-0.00637935181582039,0.0642480340290005,0.0282333495874433,-0.100633738139615,-0.0607241797153801,-0.160633503526576,-0.0400160618288736,0.0335660255379462,0.12347037610854,0.159014628816064,0.0752075653802446,0.0453094651535544,-0.0725708461367912,-0.0137267170295071,0.043709515427532,0.0520249011001622,0.0747381216267956,0.0718559519708135,0.121107607319034,-0.0376637404205849,0.0357745339112916,0.00860188510563245,0.0429146468208817,0.133516220440154,0.135049035618203,0.182578018877092,0.0496882238336734,0.0199674038172118,-0.0549167000002147,-0.0426969471101371,0.112538703588611,0.144935033611277,0.218905507832262,0.180630997897707,0.116514662002612,-0.0293461065072225,-0.0294765269599265,0.0495057472842926,0.0680252954575038,0.151636147009029,0.155392010317153,0.138935778824744,0.0770789744477952,-0.0278085608272155,-0.0100103107058875,-0.0288510872993371,0.0816803472092196,0.104960816327468,0.148872666471231,0.17741009658076,0.034038317900852,0.0628732897998494,0.0584364665598734,0.104106813341303,0.166324766413972,0.21747059734976,0.105240136978055,0.0854957936313507,-0.116884381435336,-0.128858553719234,-0.146012200184145,-0.0651870301059345,0.0251416614185531,-0.0024407646064437,0.123791939381143,-0.0602662106996034,-0.0255609440710906,-0.121676218364373,-0.154173912633329,-0.0679919454091739,-0.103674463679727,-0.0353495526880484,-0.12201432552655,-0.160451743835296,-0.186735103509277,-0.277660622845978,-0.170335079076919,-0.141454958889544,-0.0565227608933221,-0.0671292339962356,-0.0527300768968705,-0.139817453119733,-0.191726459548574,-0.193138885226472
129,0.00194813787965921,-0.263917415521265,-0.174954707253186,-0.139227291048508,-0.197735278817326,-0.255470164491592,-0.315407421613036,-0.346069417829378,-0.370248058621579,-0.464150894462284,-0.400871837356686,-0.304915651622348,-0.258681528314871,-0.330189685786459,-0.250972859736073,-0.318698453826286,-0.354622663238362,-0.293975258126584,-0.313280420354124,-0.303046034088356,-0.343305304093455,-0.388845324402533,-0.431382920547124,-0.469241827407193,-0.436136757904708,-0.3658226087566,-0.314649873484317,-0.452493806826363,-0.334459807132813,-0.380296440711807,-0.399846469779569,-0.389238266148469,-0.465839735325968,-0.434676040170031,-0.419496618960337,-0.341230627527515,-0.291897963093142,-0.412608751669503,-0.424310565194769,-0.195452549449753,-0.21783393840404,-0.205148721966744,-0.287379980650384,-0.299478408797056,-0.315535295369704,-0.305861764161311,-0.369288054715702,-0.358647933455026,-0.308550749700799,-0.232210093922138,-0.139696512291193,-0.158606108585386,-0.208451346908194,-0.308556985753238,-0.347599132719769,-0.42635179501205,-0.453261169744714,-0.284109251805766,-0.268280343887035,-0.236515975383634,-0.256177736779404,-0.243201635214161,-0.254458909823244,-0.302863009657686,-0.303810384335202,-0.359003854668539,-0.360796270105818,-0.360936479143002,-0.265748172859646,-0.27367059407659,-0.324675038148505,-0.356255910101955,-0.362321091878548,-0.265441607351686,-0.160860974583277,-0.166328789200092,-0.227319590169761,-0.258030937697895,-0.321567699087956,-0.349206616578405,-0.300813693407206,-0.229588589317627,-0.14671239228013,-0.147263887005258,-0.127679763776043,-0.108311510645051,-0.219320036562512,-0.258935234919638,-0.255083844260404,-0.25723654246351,-0.195055364774678,-0.210212728651671,-0.181377110732539,-0.168875349480019,-0.147089510153811,-0.232085664025809,-0.194855183249893,-0.142484343301653,-0.183065531319106,-0.131058964339225,-0.1101643967556,-0.211966010736238,-0.266463562806572,-0.294193395665346,-0.204064946687838,-0.124588807194671,-0.0379729410117588,0.00125056783462453,-0.0644440910420027,-0.143695590313987,-0.251786477651319,-0.23455523984981,-0.251839265053718,-0.171042411082148,-0.0846660991032314,-0.0759298593443093,-0.0341490323367453,-0.094830428076472,-0.0850818079079117,-0.14805200576457,-0.157093902327062,-0.148621761215696,-0.0927213878072326,-0.0729750511859211,-0.0974223890769229,-0.105118178257601,-0.238849392833638,-0.204654334115292,-0.147396153642211,0.043622842343535,0.024033514857278,-0.0069183140798846,-0.142727622554519,-0.206974486265218,-0.237360390484986,-0.259097489713124,-0.262988952059532,-0.20527902582445,-0.150867388854082,-0.133864898421183,-0.157963856226048,-0.219181229333557,-0.227941868903214,-0.307194383432015,-0.318558835890486,-0.256397432929145,-0.319049845307598,-0.282538913679421,-0.3419866197845,-0.395365586252641,-0.345720982962364,-0.296159084831771,-0.244907982217894,-0.199149790047923,-0.236773676290231,-0.292350143866829,-0.388175760103695,-0.465541221632162,-0.447648315898941,-0.400759510855339
130,0,0,0,0,0,0,0,0,0,0,0,0,0,0,0,0,0,0,0,0,0,0,0,0,0,0,0,0,0,0,0,0,0,0,0,0,0,0,0,0,0,0,0,0,0,0,0,0,0,0,0,0,0,0,0,0,0,0,0,0,0,0,0,0,0,0,0,0,0,0,0,0,0,0,0,0,0,0,0,0,0,0,0,0,0,0,0,0,0,0,0,0,0,0,0,0,0,0,0,0,0,0,0,0,0,0,0,0,0,0,0,0,0,0,0,0,0,0,0,0,0,0,0,0,0,0,0,0,0,0,0,0,0,0,0,0,0,0,0,0,0,0,0,0,0,0,0,0,0,0,0,0,0,0,0,0,0,0,0,0
131,0.00225107580367507,-0.350794623257063,-0.344068648266019,-0.237150564563572,-0.279780345900287,-0.141444985872501,-0.141786575527585,-0.192218136698855,-0.19233258863725,-0.297951594188197,-0.240893306377737,-0.328946802860267,-0.169966762212356,-0.185193903649252,-0.127763571268293,-0.0951385336799038,-0.149257875533856,-0.104910432152254,-0.187389363641643,-0.0598269478680616,0.0299519575838137,-0.0391830068612944,-0.0255641972643395,-0.0992860411456041,-0.0625430392347501,-0.0841094415801436,0.0403481889995634,0.00339308850603116,-0.00351713014658227,0.0657537517242609,-0.00482670882985686,0.0465382386955166,-0.0584205196289123,-0.0430608790231371,-0.0545738523439826,-0.0367727625511416,0.0846296215245878,0.0301449818277185,0.158922159241394,0.0889286608470534,0.101057127456701,0.0344316286948406,-0.0594406743967166,0.036121431315751,-0.0915871439803711,0.0136568588511903,-0.050152842964137,-0.0295735135463823,-0.0240968925556202,0.0168582132980988,0.0912329661666266,0.023949541509813,0.0664000840206123,-0.000970298341042172,-0.0308968295420959,0.0179265627608617,-0.0866489621711174,0.00611544759113116,-0.104346228672347,-0.0188675514189354,0.0323866659507694,0.0188820982626422,0.122451999379091,0.0613502546008351,0.0266355886272286,-0.165261727375094,-0.0692738465289248,-0.0514906776412959,-0.0858602354929646,0.0562736410551124,-0.0547029958628461,0.0384316633222743,-0.0262432312937791,0.0850713009483221,0.0730852128289251,0.0439133590796772,0.0593751705454837,-0.0901838738384688,-0.0353402575841771,-0.129446961369879,-0.0427121705772306,-0.0634177090208751,-0.0697403466730341,0.0943407332498548,-0.0343557601566429,0.110129161643558,0.0692785453772685,0.0803732764086015,0.0409674916348769,-0.0166531931405572,-0.0148833201866755,-0.069356230743237,-0.0346047052189132,0.0102576181044433,0.0804257617177168,0.0854667215515207,0.0567697068991928,0.109748839390504,-0.0198098879624325,0.0810511192399174,0.0230872871808285,0.045483273111884,0.0927490139103726,0.0301886592108189,0.0714484279258986,-0.00254823736004629,0.129852494239079,0.0716698535376797,0.0832586109805113,0.170189320751899,0.0257982553253682,0.049510689750722,-0.0869684592362996,-0.00690127880848046,-0.00492512945301544,-0.00488674395292506,0.0758102254369638,0.0360589700278418,0.112565621845648,0.0960625554410279,0.0764144157697103,-0.000572929009478331,-0.123785771590705,-0.000660916382474225,-0.0753644695800434,0.0226907651740743,-0.0404836872706764,-0.0642652940016093,-0.0988663414140082,-0.0467683334443277,0.113593367124444,0.0667718681422149,0.0269436902694921,-0.0369430520792933,-0.171187050028414,-0.287418818760021,-0.18775590163789,-0.236872501917863,-0.121019396261723,-0.077455088922822,-0.0572368776252506,0.00888599840939661,-0.0308609189555306,-0.0607024904464496,-0.278835854605415,-0.200335843927744,-0.23178223453733,-0.262341978195465,-0.154033037689915,-0.250428039228208,-0.201710185053504,-0.267071362582256,-0.263614278819413,-0.262079255752391,-0.300605021535651,-0.236176938487539,-0.289263767734126,-0.260558350178651,-0.391624230551594,-0.37649615578942
132,0,0,0,0,0,0,0,0,0,0,0,0,0,0,0,0,0,0,0,0,0,0,0,0,0,0,0,0,0,0,0,0,0,0,0,0,0,0,0,0,0,0,0,0,0,0,0,0,0,0,0,0,0,0,0,0,0,0,0,0,0,0,0,0,0,0,0,0,0,0,0,0,0,0,0,0,0,0,0,0,0,0,0,0,0,0,0,0,0,0,0,0,0,0,0,0,0,0,0,0,0,0,0,0,0,0,0,0,0,0,0,0,0,0,0,0,0,0,0,0,0,0,0,0,0,0,0,0,0,0,0,0,0,0,0,0,0,0,0,0,0,0,0,0,0,0,0,0,0,0,0,0,0,0,0,0,0,0,0,0
133,0,0,0,0,0,0,0,0,0,0,0,0,0,0,0,0,0,0,0,0,0,0,0,0,0,0,0,0,0,0,0,0,0,0,0,0,0,0,0,0,0,0,0,0,0,0,0,0,0,0,0,0,0,0,0,0,0,0,0,0,0,0,0,0,0,0,0,0,0,0,0,0,0,0,0,0,0,0,0,0,0,0,0,0,0,0,0,0,0,0,0,0,0,0,0,0,0,0,0,0,0,0,0,0,0,0,0,0,0,0,0,0,0,0,0,0,0,0,0,0,0,0,0,0,0,0,0,0,0,0,0,0,0,0,0,0,0,0,0,0,0,0,0,0,0,0,0,0,0,0,0,0,0,0,0,0,0,0,0,0
134,0,0,0,0,0,0,0,0,0,0,0,0,0,0,0,0,0,0,0,0,0,0,0,0,0,0,0,0,0,0,0,0,0,0,0,0,0,0,0,0,0,0,0,0,0,0,0,0,0,0,0,0,0,0,0,0,0,0,0,0,0,0,0,0,0,0,0,0,0,0,0,0,0,0,0,0,0,0,0,0,0,0,0,0,0,0,0,0,0,0,0,0,0,0,0,0,0,0,0,0,0,0,0,0,0,0,0,0,0,0,0,0,0,0,0,0,0,0,0,0,0,0,0,0,0,0,0,0,0,0,0,0,0,0,0,0,0,0,0,0,0,0,0,0,0,0,0,0,0,0,0,0,0,0,0,0,0,0,0,0
135,0,0,0,0,0,0,0,0,0,0,0,0,0,0,0,0,0,0,0,0,0,0,0,0,0,0,0,0,0,0,0,0,0,0,0,0,0,0,0,0,0,0,0,0,0,0,0,0,0,0,0,0,0,0,0,0,0,0,0,0,0,0,0,0,0,0,0,0,0,0,0,0,0,0,0,0,0,0,0,0,0,0,0,0,0,0,0,0,0,0,0,0,0,0,0,0,0,0,0,0,0,0,0,0,0,0,0,0,0,0,0,0,0,0,0,0,0,0,0,0,0,0,0,0,0,0,0,0,0,0,0,0,0,0,0,0,0,0,0,0,0,0,0,0,0,0,0,0,0,0,0,0,0,0,0,0,0,0,0,0
136,0,0,0,0,0,0,0,0,0,0,0,0,0,0,0,0,0,0,0,0,0,0,0,0,0,0,0,0,0,0,0,0,0,0,0,0,0,0,0,0,0,0,0,0,0,0,0,0,0,0,0,0,0,0,0,0,0,0,0,0,0,0,0,0,0,0,0,0,0,0,0,0,0,0,0,0,0,0,0,0,0,0,0,0,0,0,0,0,0,0,0,0,0,0,0,0,0,0,0,0,0,0,0,0,0,0,0,0,0,0,0,0,0,0,0,0,0,0,0,0,0,0,0,0,0,0,0,0,0,0,0,0,0,0,0,0,0,0,0,0,0,0,0,0,0,0,0,0,0,0,0,0,0,0,0,0,0,0,0,0
137,0,0,0,0,0,0,0,0,0,0,0,0,0,0,0,0,0,0,0,0,0,0,0,0,0,0,0,0,0,0,0,0,0,0,0,0,0,0,0,0,0,0,0,0,0,0,0,0,0,0,0,0,0,0,0,0,0,0,0,0,0,0,0,0,0,0,0,0,0,0,0,0,0,0,0,0,0,0,0,0,0,0,0,0,0,0,0,0,0,0,0,0,0,0,0,0,0,0,0,0,0,0,0,0,0,0,0,0,0,0,0,0,0,0,0,0,0,0,0,0,0,0,0,0,0,0,0,0,0,0,0,0,0,0,0,0,0,0,0,0,0,0,0,0,0,0,0,0,0,0,0,0,0,0,0,0,0,0,0,0
138,0,0,0,0,0,0,0,0,0,0,0,0,0,0,0,0,0,0,0,0,0,0,0,0,0,0,0,0,0,0,0,0,0,0,0,0,0,0,0,0,0,0,0,0,0,0,0,0,0,0,0,0,0,0,0,0,0,0,0,0,0,0,0,0,0,0,0,0,0,0,0,0,0,0,0,0,0,0,0,0,0,0,0,0,0,0,0,0,0,0,0,0,0,0,0,0,0,0,0,0,0,0,0,0,0,0,0,0,0,0,0,0,0,0,0,0,0,0,0,0,0,0,0,0,0,0,0,0,0,0,0,0,0,0,0,0,0,0,0,0,0,0,0,0,0,0,0,0,0,0,0,0,0,0,0,0,0,0,0,0
139,0,0,0,0,0,0,0,0,0,0,0,0,0,0,0,0,0,0,0,0,0,0,0,0,0,0,0,0,0,0,0,0,0,0,0,0,0,0,0,0,0,0,0,0,0,0,0,0,0,0,0,0,0,0,0,0,0,0,0,0,0,0,0,0,0,0,0,0,0,0,0,0,0,0,0,0,0,0,0,0,0,0,0,0,0,0,0,0,0,0,0,0,0,0,0,0,0,0,0,0,0,0,0,0,0,0,0,0,0,0,0,0,0,0,0,0,0,0,0,0,0,0,0,0,0,0,0,0,0,0,0,0,0,0,0,0,0,0,0,0,0,0,0,0,0,0,0,0,0,0,0,0,0,0,0,0,0,0,0,0
140,0,0,0,0,0,0,0,0,0,0,0,0,0,0,0,0,0,0,0,0,0,0,0,0,0,0,0,0,0,0,0,0,0,0,0,0,0,0,0,0,0,0,0,0,0,0,0,0,0,0,0,0,0,0,0,0,0,0,0,0,0,0,0,0,0,0,0,0,0,0,0,0,0,0,0,0,0,0,0,0,0,0,0,0,0,0,0,0,0,0,0,0,0,0,0,0,0,0,0,0,0,0,0,0,0,0,0,0,0,0,0,0,0,0,0,0,0,0,0,0,0,0,0,0,0,0,0,0,0,0,0,0,0,0,0,0,0,0,0,0,0,0,0,0,0,0,0,0,0,0,0,0,0,0,0,0,0,0,0,0
141,0,0,0,0,0,0,0,0,0,0,0,0,0,0,0,0,0,0,0,0,0,0,0,0,0,0,0,0,0,0,0,0,0,0,0,0,0,0,0,0,0,0,0,0,0,0,0,0,0,0,0,0,0,0,0,0,0,0,0,0,0,0,0,0,0,0,0,0,0,0,0,0,0,0,0,0,0,0,0,0,0,0,0,0,0,0,0,0,0,0,0,0,0,0,0,0,0,0,0,0,0,0,0,0,0,0,0,0,0,0,0,0,0,0,0,0,0,0,0,0,0,0,0,0,0,0,0,0,0,0,0,0,0,0,0,0,0,0,0,0,0,0,0,0,0,0,0,0,0,0,0,0,0,0,0,0,0,0,0,0
142,0,0,0,0,0,0,0,0,0,0,0,0,0,0,0,0,0,0,0,0,0,0,0,0,0,0,0,0,0,0,0,0,0,0,0,0,0,0,0,0,0,0,0,0,0,0,0,0,0,0,0,0,0,0,0,0,0,0,0,0,0,0,0,0,0,0,0,0,0,0,0,0,0,0,0,0,0,0,0,0,0,0,0,0,0,0,0,0,0,0,0,0,0,0,0,0,0,0,0,0,0,0,0,0,0,0,0,0,0,0,0,0,0,0,0,0,0,0,0,0,0,0,0,0,0,0,0,0,0,0,0,0,0,0,0,0,0,0,0,0,0,0,0,0,0,0,0,0,0,0,0,0,0,0,0,0,0,0,0,0
143,0,0,0,0,0,0,0,0,0,0,0,0,0,0,0,0,0,0,0,0,0,0,0,0,0,0,0,0,0,0,0,0,0,0,0,0,0,0,0,0,0,0,0,0,0,0,0,0,0,0,0,0,0,0,0,0,0,0,0,0,0,0,0,0,0,0,0,0,0,0,0,0,0,0,0,0,0,0,0,0,0,0,0,0,0,0,0,0,0,0,0,0,0,0,0,0,0,0,0,0,0,0,0,0,0,0,0,0,0,0,0,0,0,0,0,0,0,0,0,0,0,0,0,0,0,0,0,0,0,0,0,0,0,0,0,0,0,0,0,0,0,0,0,0,0,0,0,0,0,0,0,0,0,0,0,0,0,0,0,0
144,0,0,0,0,0,0,0,0,0,0,0,0,0,0,0,0,0,0,0,0,0,0,0,0,0,0,0,0,0,0,0,0,0,0,0,0,0,0,0,0,0,0,0,0,0,0,0,0,0,0,0,0,0,0,0,0,0,0,0,0,0,0,0,0,0,0,0,0,0,0,0,0,0,0,0,0,0,0,0,0,0,0,0,0,0,0,0,0,0,0,0,0,0,0,0,0,0,0,0,0,0,0,0,0,0,0,0,0,0,0,0,0,0,0,0,0,0,0,0,0,0,0,0,0,0,0,0,0,0,0,0,0,0,0,0,0,0,0,0,0,0,0,0,0,0,0,0,0,0,0,0,0,0,0,0,0,0,0,0,0
145,0,0,0,0,0,0,0,0,0,0,0,0,0,0,0,0,0,0,0,0,0,0,0,0,0,0,0,0,0,0,0,0,0,0,0,0,0,0,0,0,0,0,0,0,0,0,0,0,0,0,0,0,0,0,0,0,0,0,0,0,0,0,0,0,0,0,0,0,0,0,0,0,0,0,0,0,0,0,0,0,0,0,0,0,0,0,0,0,0,0,0,0,0,0,0,0,0,0,0,0,0,0,0,0,0,0,0,0,0,0,0,0,0,0,0,0,0,0,0,0,0,0,0,0,0,0,0,0,0,0,0,0,0,0,0,0,0,0,0,0,0,0,0,0,0,0,0,0,0,0,0,0,0,0,0,0,0,0,0,0
146,0,0,0,0,0,0,0,0,0,0,0,0,0,0,0,0,0,0,0,0,0,0,0,0,0,0,0,0,0,0,0,0,0,0,0,0,0,0,0,0,0,0,0,0,0,0,0,0,0,0,0,0,0,0,0,0,0,0,0,0,0,0,0,0,0,0,0,0,0,0,0,0,0,0,0,0,0,0,0,0,0,0,0,0,0,0,0,0,0,0,0,0,0,0,0,0,0,0,0,0,0,0,0,0,0,0,0,0,0,0,0,0,0,0,0,0,0,0,0,0,0,0,0,0,0,0,0,0,0,0,0,0,0,0,0,0,0,0,0,0,0,0,0,0,0,0,0,0,0,0,0,0,0,0,0,0,0,0,0,0
147,0,0,0,0,0,0,0,0,0,0,0,0,0,0,0,0,0,0,0,0,0,0,0,0,0,0,0,0,0,0,0,0,0,0,0,0,0,0,0,0,0,0,0,0,0,0,0,0,0,0,0,0,0,0,0,0,0,0,0,0,0,0,0,0,0,0,0,0,0,0,0,0,0,0,0,0,0,0,0,0,0,0,0,0,0,0,0,0,0,0,0,0,0,0,0,0,0,0,0,0,0,0,0,0,0,0,0,0,0,0,0,0,0,0,0,0,0,0,0,0,0,0,0,0,0,0,0,0,0,0,0,0,0,0,0,0,0,0,0,0,0,0,0,0,0,0,0,0,0,0,0,0,0,0,0,0,0,0,0,0
148,0,0,0,0,0,0,0,0,0,0,0,0,0,0,0,0,0,0,0,0,0,0,0,0,0,0,0,0,0,0,0,0,0,0,0,0,0,0,0,0,0,0,0,0,0,0,0,0,0,0,0,0,0,0,0,0,0,0,0,0,0,0,0,0,0,0,0,0,0,0,0,0,0,0,0,0,0,0,0,0,0,0,0,0,0,0,0,0,0,0,0,0,0,0,0,0,0,0,0,0,0,0,0,0,0,0,0,0,0,0,0,0,0,0,0,0,0,0,0,0,0,0,0,0,0,0,0,0,0,0,0,0,0,0,0,0,0,0,0,0,0,0,0,0,0,0,0,0,0,0,0,0,0,0,0,0,0,0,0,0
149,0,0,0,0,0,0,0,0,0,0,0,0,0,0,0,0,0,0,0,0,0,0,0,0,0,0,0,0,0,0,0,0,0,0,0,0,0,0,0,0,0,0,0,0,0,0,0,0,0,0,0,0,0,0,0,0,0,0,0,0,0,0,0,0,0,0,0,0,0,0,0,0,0,0,0,0,0,0,0,0,0,0,0,0,0,0,0,0,0,0,0,0,0,0,0,0,0,0,0,0,0,0,0,0,0,0,0,0,0,0,0,0,0,0,0,0,0,0,0,0,0,0,0,0,0,0,0,0,0,0,0,0,0,0,0,0,0,0,0,0,0,0,0,0,0,0,0,0,0,0,0,0,0,0,0,0,0,0,0,0
150,0,0,0,0,0,0,0,0,0,0,0,0,0,0,0,0,0,0,0,0,0,0,0,0,0,0,0,0,0,0,0,0,0,0,0,0,0,0,0,0,0,0,0,0,0,0,0,0,0,0,0,0,0,0,0,0,0,0,0,0,0,0,0,0,0,0,0,0,0,0,0,0,0,0,0,0,0,0,0,0,0,0,0,0,0,0,0,0,0,0,0,0,0,0,0,0,0,0,0,0,0,0,0,0,0,0,0,0,0,0,0,0,0,0,0,0,0,0,0,0,0,0,0,0,0,0,0,0,0,0,0,0,0,0,0,0,0,0,0,0,0,0,0,0,0,0,0,0,0,0,0,0,0,0,0,0,0,0,0,0
151,0,0,0,0,0,0,0,0,0,0,0,0,0,0,0,0,0,0,0,0,0,0,0,0,0,0,0,0,0,0,0,0,0,0,0,0,0,0,0,0,0,0,0,0,0,0,0,0,0,0,0,0,0,0,0,0,0,0,0,0,0,0,0,0,0,0,0,0,0,0,0,0,0,0,0,0,0,0,0,0,0,0,0,0,0,0,0,0,0,0,0,0,0,0,0,0,0,0,0,0,0,0,0,0,0,0,0,0,0,0,0,0,0,0,0,0,0,0,0,0,0,0,0,0,0,0,0,0,0,0,0,0,0,0,0,0,0,0,0,0,0,0,0,0,0,0,0,0,0,0,0,0,0,0,0,0,0,0,0,0
152,0,0,0,0,0,0,0,0,0,0,0,0,0,0,0,0,0,0,0,0,0,0,0,0,0,0,0,0,0,0,0,0,0,0,0,0,0,0,0,0,0,0,0,0,0,0,0,0,0,0,0,0,0,0,0,0,0,0,0,0,0,0,0,0,0,0,0,0,0,0,0,0,0,0,0,0,0,0,0,0,0,0,0,0,0,0,0,0,0,0,0,0,0,0,0,0,0,0,0,0,0,0,0,0,0,0,0,0,0,0,0,0,0,0,0,0,0,0,0,0,0,0,0,0,0,0,0,0,0,0,0,0,0,0,0,0,0,0,0,0,0,0,0,0,0,0,0,0,0,0,0,0,0,0,0,0,0,0,0,0
153,0,0,0,0,0,0,0,0,0,0,0,0,0,0,0,0,0,0,0,0,0,0,0,0,0,0,0,0,0,0,0,0,0,0,0,0,0,0,0,0,0,0,0,0,0,0,0,0,0,0,0,0,0,0,0,0,0,0,0,0,0,0,0,0,0,0,0,0,0,0,0,0,0,0,0,0,0,0,0,0,0,0,0,0,0,0,0,0,0,0,0,0,0,0,0,0,0,0,0,0,0,0,0,0,0,0,0,0,0,0,0,0,0,0,0,0,0,0,0,0,0,0,0,0,0,0,0,0,0,0,0,0,0,0,0,0,0,0,0,0,0,0,0,0,0,0,0,0,0,0,0,0,0,0,0,0,0,0,0,0
154,0,0,0,0,0,0,0,0,0,0,0,0,0,0,0,0,0,0,0,0,0,0,0,0,0,0,0,0,0,0,0,0,0,0,0,0,0,0,0,0,0,0,0,0,0,0,0,0,0,0,0,0,0,0,0,0,0,0,0,0,0,0,0,0,0,0,0,0,0,0,0,0,0,0,0,0,0,0,0,0,0,0,0,0,0,0,0,0,0,0,0,0,0,0,0,0,0,0,0,0,0,0,0,0,0,0,0,0,0,0,0,0,0,0,0,0,0,0,0,0,0,0,0,0,0,0,0,0,0,0,0,0,0,0,0,0,0,0,0,0,0,0,0,0,0,0,0,0,0,0,0,0,0,0,0,0,0,0,0,0
155,0,0,0,0,0,0,0,0,0,0,0,0,0,0,0,0,0,0,0,0,0,0,0,0,0,0,0,0,0,0,0,0,0,0,0,0,0,0,0,0,0,0,0,0,0,0,0,0,0,0,0,0,0,0,0,0,0,0,0,0,0,0,0,0,0,0,0,0,0,0,0,0,0,0,0,0,0,0,0,0,0,0,0,0,0,0,0,0,0,0,0,0,0,0,0,0,0,0,0,0,0,0,0,0,0,0,0,0,0,0,0,0,0,0,0,0,0,0,0,0,0,0,0,0,0,0,0,0,0,0,0,0,0,0,0,0,0,0,0,0,0,0,0,0,0,0,0,0,0,0,0,0,0,0,0,0,0,0,0,0
156,0,0,0,0,0,0,0,0,0,0,0,0,0,0,0,0,0,0,0,0,0,0,0,0,0,0,0,0,0,0,0,0,0,0,0,0,0,0,0,0,0,0,0,0,0,0,0,0,0,0,0,0,0,0,0,0,0,0,0,0,0,0,0,0,0,0,0,0,0,0,0,0,0,0,0,0,0,0,0,0,0,0,0,0,0,0,0,0,0,0,0,0,0,0,0,0,0,0,0,0,0,0,0,0,0,0,0,0,0,0,0,0,0,0,0,0,0,0,0,0,0,0,0,0,0,0,0,0,0,0,0,0,0,0,0,0,0,0,0,0,0,0,0,0,0,0,0,0,0,0,0,0,0,0,0,0,0,0,0,0
157,0,0,0,0,0,0,0,0,0,0,0,0,0,0,0,0,0,0,0,0,0,0,0,0,0,0,0,0,0,0,0,0,0,0,0,0,0,0,0,0,0,0,0,0,0,0,0,0,0,0,0,0,0,0,0,0,0,0,0,0,0,0,0,0,0,0,0,0,0,0,0,0,0,0,0,0,0,0,0,0,0,0,0,0,0,0,0,0,0,0,0,0,0,0,0,0,0,0,0,0,0,0,0,0,0,0,0,0,0,0,0,0,0,0,0,0,0,0,0,0,0,0,0,0,0,0,0,0,0,0,0,0,0,0,0,0,0,0,0,0,0,0,0,0,0,0,0,0,0,0,0,0,0,0,0,0,0,0,0,0
158,0,0,0,0,0,0,0,0,0,0,0,0,0,0,0,0,0,0,0,0,0,0,0,0,0,0,0,0,0,0,0,0,0,0,0,0,0,0,0,0,0,0,0,0,0,0,0,0,0,0,0,0,0,0,0,0,0,0,0,0,0,0,0,0,0,0,0,0,0,0,0,0,0,0,0,0,0,0,0,0,0,0,0,0,0,0,0,0,0,0,0,0,0,0,0,0,0,0,0,0,0,0,0,0,0,0,0,0,0,0,0,0,0,0,0,0,0,0,0,0,0,0,0,0,0,0,0,0,0,0,0,0,0,0,0,0,0,0,0,0,0,0,0,0,0,0,0,0,0,0,0,0,0,0,0,0,0,0,0,0
159,0,0,0,0,0,0,0,0,0,0,0,0,0,0,0,0,0,0,0,0,0,0,0,0,0,0,0,0,0,0,0,0,0,0,0,0,0,0,0,0,0,0,0,0,0,0,0,0,0,0,0,0,0,0,0,0,0,0,0,0,0,0,0,0,0,0,0,0,0,0,0,0,0,0,0,0,0,0,0,0,0,0,0,0,0,0,0,0,0,0,0,0,0,0,0,0,0,0,0,0,0,0,0,0,0,0,0,0,0,0,0,0,0,0,0,0,0,0,0,0,0,0,0,0,0,0,0,0,0,0,0,0,0,0,0,0,0,0,0,0,0,0,0,0,0,0,0,0,0,0,0,0,0,0,0,0,0,0,0,0
160,0,0,0,0,0,0,0,0,0,0,0,0,0,0,0,0,0,0,0,0,0,0,0,0,0,0,0,0,0,0,0,0,0,0,0,0,0,0,0,0,0,0,0,0,0,0,0,0,0,0,0,0,0,0,0,0,0,0,0,0,0,0,0,0,0,0,0,0,0,0,0,0,0,0,0,0,0,0,0,0,0,0,0,0,0,0,0,0,0,0,0,0,0,0,0,0,0,0,0,0,0,0,0,0,0,0,0,0,0,0,0,0,0,0,0,0,0,0,0,0,0,0,0,0,0,0,0,0,0,0,0,0,0,0,0,0,0,0,0,0,0,0,0,0,0,0,0,0,0,0,0,0,0,0,0,0,0,0,0,0
161,0,0,0,0,0,0,0,0,0,0,0,0,0,0,0,0,0,0,0,0,0,0,0,0,0,0,0,0,0,0,0,0,0,0,0,0,0,0,0,0,0,0,0,0,0,0,0,0,0,0,0,0,0,0,0,0,0,0,0,0,0,0,0,0,0,0,0,0,0,0,0,0,0,0,0,0,0,0,0,0,0,0,0,0,0,0,0,0,0,0,0,0,0,0,0,0,0,0,0,0,0,0,0,0,0,0,0,0,0,0,0,0,0,0,0,0,0,0,0,0,0,0,0,0,0,0,0,0,0,0,0,0,0,0,0,0,0,0,0,0,0,0,0,0,0,0,0,0,0,0,0,0,0,0,0,0,0,0,0,0
162,0,0,0,0,0,0,0,0,0,0,0,0,0,0,0,0,0,0,0,0,0,0,0,0,0,0,0,0,0,0,0,0,0,0,0,0,0,0,0,0,0,0,0,0,0,0,0,0,0,0,0,0,0,0,0,0,0,0,0,0,0,0,0,0,0,0,0,0,0,0,0,0,0,0,0,0,0,0,0,0,0,0,0,0,0,0,0,0,0,0,0,0,0,0,0,0,0,0,0,0,0,0,0,0,0,0,0,0,0,0,0,0,0,0,0,0,0,0,0,0,0,0,0,0,0,0,0,0,0,0,0,0,0,0,0,0,0,0,0,0,0,0,0,0,0,0,0,0,0,0,0,0,0,0,0,0,0,0,0,0
163,0,0,0,0,0,0,0,0,0,0,0,0,0,0,0,0,0,0,0,0,0,0,0,0,0,0,0,0,0,0,0,0,0,0,0,0,0,0,0,0,0,0,0,0,0,0,0,0,0,0,0,0,0,0,0,0,0,0,0,0,0,0,0,0,0,0,0,0,0,0,0,0,0,0,0,0,0,0,0,0,0,0,0,0,0,0,0,0,0,0,0,0,0,0,0,0,0,0,0,0,0,0,0,0,0,0,0,0,0,0,0,0,0,0,0,0,0,0,0,0,0,0,0,0,0,0,0,0,0,0,0,0,0,0,0,0,0,0,0,0,0,0,0,0,0,0,0,0,0,0,0,0,0,0,0,0,0,0,0,0
164,0,0,0,0,0,0,0,0,0,0,0,0,0,0,0,0,0,0,0,0,0,0,0,0,0,0,0,0,0,0,0,0,0,0,0,0,0,0,0,0,0,0,0,0,0,0,0,0,0,0,0,0,0,0,0,0,0,0,0,0,0,0,0,0,0,0,0,0,0,0,0,0,0,0,0,0,0,0,0,0,0,0,0,0,0,0,0,0,0,0,0,0,0,0,0,0,0,0,0,0,0,0,0,0,0,0,0,0,0,0,0,0,0,0,0,0,0,0,0,0,0,0,0,0,0,0,0,0,0,0,0,0,0,0,0,0,0,0,0,0,0,0,0,0,0,0,0,0,0,0,0,0,0,0,0,0,0,0,0,0
165,0,0,0,0,0,0,0,0,0,0,0,0,0,0,0,0,0,0,0,0,0,0,0,0,0,0,0,0,0,0,0,0,0,0,0,0,0,0,0,0,0,0,0,0,0,0,0,0,0,0,0,0,0,0,0,0,0,0,0,0,0,0,0,0,0,0,0,0,0,0,0,0,0,0,0,0,0,0,0,0,0,0,0,0,0,0,0,0,0,0,0,0,0,0,0,0,0,0,0,0,0,0,0,0,0,0,0,0,0,0,0,0,0,0,0,0,0,0,0,0,0,0,0,0,0,0,0,0,0,0,0,0,0,0,0,0,0,0,0,0,0,0,0,0,0,0,0,0,0,0,0,0,0,0,0,0,0,0,0,0
166,0,0,0,0,0,0,0,0,0,0,0,0,0,0,0,0,0,0,0,0,0,0,0,0,0,0,0,0,0,0,0,0,0,0,0,0,0,0,0,0,0,0,0,0,0,0,0,0,0,0,0,0,0,0,0,0,0,0,0,0,0,0,0,0,0,0,0,0,0,0,0,0,0,0,0,0,0,0,0,0,0,0,0,0,0,0,0,0,0,0,0,0,0,0,0,0,0,0,0,0,0,0,0,0,0,0,0,0,0,0,0,0,0,0,0,0,0,0,0,0,0,0,0,0,0,0,0,0,0,0,0,0,0,0,0,0,0,0,0,0,0,0,0,0,0,0,0,0,0,0,0,0,0,0,0,0,0,0,0,0
167,0,0,0,0,0,0,0,0,0,0,0,0,0,0,0,0,0,0,0,0,0,0,0,0,0,0,0,0,0,0,0,0,0,0,0,0,0,0,0,0,0,0,0,0,0,0,0,0,0,0,0,0,0,0,0,0,0,0,0,0,0,0,0,0,0,0,0,0,0,0,0,0,0,0,0,0,0,0,0,0,0,0,0,0,0,0,0,0,0,0,0,0,0,0,0,0,0,0,0,0,0,0,0,0,0,0,0,0,0,0,0,0,0,0,0,0,0,0,0,0,0,0,0,0,0,0,0,0,0,0,0,0,0,0,0,0,0,0,0,0,0,0,0,0,0,0,0,0,0,0,0,0,0,0,0,0,0,0,0,0
168,0,0,0,0,0,0,0,0,0,0,0,0,0,0,0,0,0,0,0,0,0,0,0,0,0,0,0,0,0,0,0,0,0,0,0,0,0,0,0,0,0,0,0,0,0,0,0,0,0,0,0,0,0,0,0,0,0,0,0,0,0,0,0,0,0,0,0,0,0,0,0,0,0,0,0,0,0,0,0,0,0,0,0,0,0,0,0,0,0,0,0,0,0,0,0,0,0,0,0,0,0,0,0,0,0,0,0,0,0,0,0,0,0,0,0,0,0,0,0,0,0,0,0,0,0,0,0,0,0,0,0,0,0,0,0,0,0,0,0,0,0,0,0,0,0,0,0,0,0,0,0,0,0,0,0,0,0,0,0,0
169,0,0,0,0,0,0,0,0,0,0,0,0,0,0,0,0,0,0,0,0,0,0,0,0,0,0,0,0,0,0,0,0,0,0,0,0,0,0,0,0,0,0,0,0,0,0,0,0,0,0,0,0,0,0,0,0,0,0,0,0,0,0,0,0,0,0,0,0,0,0,0,0,0,0,0,0,0,0,0,0,0,0,0,0,0,0,0,0,0,0,0,0,0,0,0,0,0,0,0,0,0,0,0,0,0,0,0,0,0,0,0,0,0,0,0,0,0,0,0,0,0,0,0,0,0,0,0,0,0,0,0,0,0,0,0,0,0,0,0,0,0,0,0,0,0,0,0,0,0,0,0,0,0,0,0,0,0,0,0,0
170,0,0,0,0,0,0,0,0,0,0,0,0,0,0,0,0,0,0,0,0,0,0,0,0,0,0,0,0,0,0,0,0,0,0,0,0,0,0,0,0,0,0,0,0,0,0,0,0,0,0,0,0,0,0,0,0,0,0,0,0,0,0,0,0,0,0,0,0,0,0,0,0,0,0,0,0,0,0,0,0,0,0,0,0,0,0,0,0,0,0,0,0,0,0,0,0,0,0,0,0,0,0,0,0,0,0,0,0,0,0,0,0,0,0,0,0,0,0,0,0,0,0,0,0,0,0,0,0,0,0,0,0,0,0,0,0,0,0,0,0,0,0,0,0,0,0,0,0,0,0,0,0,0,0,0,0,0,0,0,0
171,0,0,0,0,0,0,0,0,0,0,0,0,0,0,0,0,0,0,0,0,0,0,0,0,0,0,0,0,0,0,0,0,0,0,0,0,0,0,0,0,0,0,0,0,0,0,0,0,0,0,0,0,0,0,0,0,0,0,0,0,0,0,0,0,0,0,0,0,0,0,0,0,0,0,0,0,0,0,0,0,0,0,0,0,0,0,0,0,0,0,0,0,0,0,0,0,0,0,0,0,0,0,0,0,0,0,0,0,0,0,0,0,0,0,0,0,0,0,0,0,0,0,0,0,0,0,0,0,0,0,0,0,0,0,0,0,0,0,0,0,0,0,0,0,0,0,0,0,0,0,0,0,0,0,0,0,0,0,0,0
172,0,0,0,0,0,0,0,0,0,0,0,0,0,0,0,0,0,0,0,0,0,0,0,0,0,0,0,0,0,0,0,0,0,0,0,0,0,0,0,0,0,0,0,0,0,0,0,0,0,0,0,0,0,0,0,0,0,0,0,0,0,0,0,0,0,0,0,0,0,0,0,0,0,0,0,0,0,0,0,0,0,0,0,0,0,0,0,0,0,0,0,0,0,0,0,0,0,0,0,0,0,0,0,0,0,0,0,0,0,0,0,0,0,0,0,0,0,0,0,0,0,0,0,0,0,0,0,0,0,0,0,0,0,0,0,0,0,0,0,0,0,0,0,0,0,0,0,0,0,0,0,0,0,0,0,0,0,0,0,0
173,0,0,0,0,0,0,0,0,0,0,0,0,0,0,0,0,0,0,0,0,0,0,0,0,0,0,0,0,0,0,0,0,0,0,0,0,0,0,0,0,0,0,0,0,0,0,0,0,0,0,0,0,0,0,0,0,0,0,0,0,0,0,0,0,0,0,0,0,0,0,0,0,0,0,0,0,0,0,0,0,0,0,0,0,0,0,0,0,0,0,0,0,0,0,0,0,0,0,0,0,0,0,0,0,0,0,0,0,0,0,0,0,0,0,0,0,0,0,0,0,0,0,0,0,0,0,0,0,0,0,0,0,0,0,0,0,0,0,0,0,0,0,0,0,0,0,0,0,0,0,0,0,0,0,0,0,0,0,0,0
174,0,0,0,0,0,0,0,0,0,0,0,0,0,0,0,0,0,0,0,0,0,0,0,0,0,0,0,0,0,0,0,0,0,0,0,0,0,0,0,0,0,0,0,0,0,0,0,0,0,0,0,0,0,0,0,0,0,0,0,0,0,0,0,0,0,0,0,0,0,0,0,0,0,0,0,0,0,0,0,0,0,0,0,0,0,0,0,0,0,0,0,0,0,0,0,0,0,0,0,0,0,0,0,0,0,0,0,0,0,0,0,0,0,0,0,0,0,0,0,0,0,0,0,0,0,0,0,0,0,0,0,0,0,0,0,0,0,0,0,0,0,0,0,0,0,0,0,0,0,0,0,0,0,0,0,0,0,0,0,0
175,0,0,0,0,0,0,0,0,0,0,0,0,0,0,0,0,0,0,0,0,0,0,0,0,0,0,0,0,0,0,0,0,0,0,0,0,0,0,0,0,0,0,0,0,0,0,0,0,0,0,0,0,0,0,0,0,0,0,0,0,0,0,0,0,0,0,0,0,0,0,0,0,0,0,0,0,0,0,0,0,0,0,0,0,0,0,0,0,0,0,0,0,0,0,0,0,0,0,0,0,0,0,0,0,0,0,0,0,0,0,0,0,0,0,0,0,0,0,0,0,0,0,0,0,0,0,0,0,0,0,0,0,0,0,0,0,0,0,0,0,0,0,0,0,0,0,0,0,0,0,0,0,0,0,0,0,0,0,0,0
176,0,0,0,0,0,0,0,0,0,0,0,0,0,0,0,0,0,0,0,0,0,0,0,0,0,0,0,0,0,0,0,0,0,0,0,0,0,0,0,0,0,0,0,0,0,0,0,0,0,0,0,0,0,0,0,0,0,0,0,0,0,0,0,0,0,0,0,0,0,0,0,0,0,0,0,0,0,0,0,0,0,0,0,0,0,0,0,0,0,0,0,0,0,0,0,0,0,0,0,0,0,0,0,0,0,0,0,0,0,0,0,0,0,0,0,0,0,0,0,0,0,0,0,0,0,0,0,0,0,0,0,0,0,0,0,0,0,0,0,0,0,0,0,0,0,0,0,0,0,0,0,0,0,0,0,0,0,0,0,0
177,0,0,0,0,0,0,0,0,0,0,0,0,0,0,0,0,0,0,0,0,0,0,0,0,0,0,0,0,0,0,0,0,0,0,0,0,0,0,0,0,0,0,0,0,0,0,0,0,0,0,0,0,0,0,0,0,0,0,0,0,0,0,0,0,0,0,0,0,0,0,0,0,0,0,0,0,0,0,0,0,0,0,0,0,0,0,0,0,0,0,0,0,0,0,0,0,0,0,0,0,0,0,0,0,0,0,0,0,0,0,0,0,0,0,0,0,0,0,0,0,0,0,0,0,0,0,0,0,0,0,0,0,0,0,0,0,0,0,0,0,0,0,0,0,0,0,0,0,0,0,0,0,0,0,0,0,0,0,0,0
178,0,0,0,0,0,0,0,0,0,0,0,0,0,0,0,0,0,0,0,0,0,0,0,0,0,0,0,0,0,0,0,0,0,0,0,0,0,0,0,0,0,0,0,0,0,0,0,0,0,0,0,0,0,0,0,0,0,0,0,0,0,0,0,0,0,0,0,0,0,0,0,0,0,0,0,0,0,0,0,0,0,0,0,0,0,0,0,0,0,0,0,0,0,0,0,0,0,0,0,0,0,0,0,0,0,0,0,0,0,0,0,0,0,0,0,0,0,0,0,0,0,0,0,0,0,0,0,0,0,0,0,0,0,0,0,0,0,0,0,0,0,0,0,0,0,0,0,0,0,0,0,0,0,0,0,0,0,0,0,0
179,0,0,0,0,0,0,0,0,0,0,0,0,0,0,0,0,0,0,0,0,0,0,0,0,0,0,0,0,0,0,0,0,0,0,0,0,0,0,0,0,0,0,0,0,0,0,0,0,0,0,0,0,0,0,0,0,0,0,0,0,0,0,0,0,0,0,0,0,0,0,0,0,0,0,0,0,0,0,0,0,0,0,0,0,0,0,0,0,0,0,0,0,0,0,0,0,0,0,0,0,0,0,0,0,0,0,0,0,0,0,0,0,0,0,0,0,0,0,0,0,0,0,0,0,0,0,0,0,0,0,0,0,0,0,0,0,0,0,0,0,0,0,0,0,0,0,0,0,0,0,0,0,0,0,0,0,0,0,0,0
180,0,0,0,0,0,0,0,0,0,0,0,0,0,0,0,0,0,0,0,0,0,0,0,0,0,0,0,0,0,0,0,0,0,0,0,0,0,0,0,0,0,0,0,0,0,0,0,0,0,0,0,0,0,0,0,0,0,0,0,0,0,0,0,0,0,0,0,0,0,0,0,0,0,0,0,0,0,0,0,0,0,0,0,0,0,0,0,0,0,0,0,0,0,0,0,0,0,0,0,0,0,0,0,0,0,0,0,0,0,0,0,0,0,0,0,0,0,0,0,0,0,0,0,0,0,0,0,0,0,0,0,0,0,0,0,0,0,0,0,0,0,0,0,0,0,0,0,0,0,0,0,0,0,0,0,0,0,0,0,0
181,0,0,0,0,0,0,0,0,0,0,0,0,0,0,0,0,0,0,0,0,0,0,0,0,0,0,0,0,0,0,0,0,0,0,0,0,0,0,0,0,0,0,0,0,0,0,0,0,0,0,0,0,0,0,0,0,0,0,0,0,0,0,0,0,0,0,0,0,0,0,0,0,0,0,0,0,0,0,0,0,0,0,0,0,0,0,0,0,0,0,0,0,0,0,0,0,0,0,0,0,0,0,0,0,0,0,0,0,0,0,0,0,0,0,0,0,0,0,0,0,0,0,0,0,0,0,0,0,0,0,0,0,0,0,0,0,0,0,0,0,0,0,0,0,0,0,0,0,0,0,0,0,0,0,0,0,0,0,0,0
182,0,0,0,0,0,0,0,0,0,0,0,0,0,0,0,0,0,0,0,0,0,0,0,0,0,0,0,0,0,0,0,0,0,0,0,0,0,0,0,0,0,0,0,0,0,0,0,0,0,0,0,0,0,0,0,0,0,0,0,0,0,0,0,0,0,0,0,0,0,0,0,0,0,0,0,0,0,0,0,0,0,0,0,0,0,0,0,0,0,0,0,0,0,0,0,0,0,0,0,0,0,0,0,0,0,0,0,0,0,0,0,0,0,0,0,0,0,0,0,0,0,0,0,0,0,0,0,0,0,0,0,0,0,0,0,0,0,0,0,0,0,0,0,0,0,0,0,0,0,0,0,0,0,0,0,0,0,0,0,0
183,0,0,0,0,0,0,0,0,0,0,0,0,0,0,0,0,0,0,0,0,0,0,0,0,0,0,0,0,0,0,0,0,0,0,0,0,0,0,0,0,0,0,0,0,0,0,0,0,0,0,0,0,0,0,0,0,0,0,0,0,0,0,0,0,0,0,0,0,0,0,0,0,0,0,0,0,0,0,0,0,0,0,0,0,0,0,0,0,0,0,0,0,0,0,0,0,0,0,0,0,0,0,0,0,0,0,0,0,0,0,0,0,0,0,0,0,0,0,0,0,0,0,0,0,0,0,0,0,0,0,0,0,0,0,0,0,0,0,0,0,0,0,0,0,0,0,0,0,0,0,0,0,0,0,0,0,0,0,0,0
184,0,0,0,0,0,0,0,0,0,0,0,0,0,0,0,0,0,0,0,0,0,0,0,0,0,0,0,0,0,0,0,0,0,0,0,0,0,0,0,0,0,0,0,0,0,0,0,0,0,0,0,0,0,0,0,0,0,0,0,0,0,0,0,0,0,0,0,0,0,0,0,0,0,0,0,0,0,0,0,0,0,0,0,0,0,0,0,0,0,0,0,0,0,0,0,0,0,0,0,0,0,0,0,0,0,0,0,0,0,0,0,0,0,0,0,0,0,0,0,0,0,0,0,0,0,0,0,0,0,0,0,0,0,0,0,0,0,0,0,0,0,0,0,0,0,0,0,0,0,0,0,0,0,0,0,0,0,0,0,0
185,0,0,0,0,0,0,0,0,0,0,0,0,0,0,0,0,0,0,0,0,0,0,0,0,0,0,0,0,0,0,0,0,0,0,0,0,0,0,0,0,0,0,0,0,0,0,0,0,0,0,0,0,0,0,0,0,0,0,0,0,0,0,0,0,0,0,0,0,0,0,0,0,0,0,0,0,0,0,0,0,0,0,0,0,0,0,0,0,0,0,0,0,0,0,0,0,0,0,0,0,0,0,0,0,0,0,0,0,0,0,0,0,0,0,0,0,0,0,0,0,0,0,0,0,0,0,0,0,0,0,0,0,0,0,0,0,0,0,0,0,0,0,0,0,0,0,0,0,0,0,0,0,0,0,0,0,0,0,0,0
186,0,0,0,0,0,0,0,0,0,0,0,0,0,0,0,0,0,0,0,0,0,0,0,0,0,0,0,0,0,0,0,0,0,0,0,0,0,0,0,0,0,0,0,0,0,0,0,0,0,0,0,0,0,0,0,0,0,0,0,0,0,0,0,0,0,0,0,0,0,0,0,0,0,0,0,0,0,0,0,0,0,0,0,0,0,0,0,0,0,0,0,0,0,0,0,0,0,0,0,0,0,0,0,0,0,0,0,0,0,0,0,0,0,0,0,0,0,0,0,0,0,0,0,0,0,0,0,0,0,0,0,0,0,0,0,0,0,0,0,0,0,0,0,0,0,0,0,0,0,0,0,0,0,0,0,0,0,0,0,0
187,0,0,0,0,0,0,0,0,0,0,0,0,0,0,0,0,0,0,0,0,0,0,0,0,0,0,0,0,0,0,0,0,0,0,0,0,0,0,0,0,0,0,0,0,0,0,0,0,0,0,0,0,0,0,0,0,0,0,0,0,0,0,0,0,0,0,0,0,0,0,0,0,0,0,0,0,0,0,0,0,0,0,0,0,0,0,0,0,0,0,0,0,0,0,0,0,0,0,0,0,0,0,0,0,0,0,0,0,0,0,0,0,0,0,0,0,0,0,0,0,0,0,0,0,0,0,0,0,0,0,0,0,0,0,0,0,0,0,0,0,0,0,0,0,0,0,0,0,0,0,0,0,0,0,0,0,0,0,0,0
188,0,0,0,0,0,0,0,0,0,0,0,0,0,0,0,0,0,0,0,0,0,0,0,0,0,0,0,0,0,0,0,0,0,0,0,0,0,0,0,0,0,0,0,0,0,0,0,0,0,0,0,0,0,0,0,0,0,0,0,0,0,0,0,0,0,0,0,0,0,0,0,0,0,0,0,0,0,0,0,0,0,0,0,0,0,0,0,0,0,0,0,0,0,0,0,0,0,0,0,0,0,0,0,0,0,0,0,0,0,0,0,0,0,0,0,0,0,0,0,0,0,0,0,0,0,0,0,0,0,0,0,0,0,0,0,0,0,0,0,0,0,0,0,0,0,0,0,0,0,0,0,0,0,0,0,0,0,0,0,0
189,0,0,0,0,0,0,0,0,0,0,0,0,0,0,0,0,0,0,0,0,0,0,0,0,0,0,0,0,0,0,0,0,0,0,0,0,0,0,0,0,0,0,0,0,0,0,0,0,0,0,0,0,0,0,0,0,0,0,0,0,0,0,0,0,0,0,0,0,0,0,0,0,0,0,0,0,0,0,0,0,0,0,0,0,0,0,0,0,0,0,0,0,0,0,0,0,0,0,0,0,0,0,0,0,0,0,0,0,0,0,0,0,0,0,0,0,0,0,0,0,0,0,0,0,0,0,0,0,0,0,0,0,0,0,0,0,0,0,0,0,0,0,0,0,0,0,0,0,0,0,0,0,0,0,0,0,0,0,0,0
190,0,0,0,0,0,0,0,0,0,0,0,0,0,0,0,0,0,0,0,0,0,0,0,0,0,0,0,0,0,0,0,0,0,0,0,0,0,0,0,0,0,0,0,0,0,0,0,0,0,0,0,0,0,0,0,0,0,0,0,0,0,0,0,0,0,0,0,0,0,0,0,0,0,0,0,0,0,0,0,0,0,0,0,0,0,0,0,0,0,0,0,0,0,0,0,0,0,0,0,0,0,0,0,0,0,0,0,0,0,0,0,0,0,0,0,0,0,0,0,0,0,0,0,0,0,0,0,0,0,0,0,0,0,0,0,0,0,0,0,0,0,0,0,0,0,0,0,0,0,0,0,0,0,0,0,0,0,0,0,0
191,0,0,0,0,0,0,0,0,0,0,0,0,0,0,0,0,0,0,0,0,0,0,0,0,0,0,0,0,0,0,0,0,0,0,0,0,0,0,0,0,0,0,0,0,0,0,0,0,0,0,0,0,0,0,0,0,0,0,0,0,0,0,0,0,0,0,0,0,0,0,0,0,0,0,0,0,0,0,0,0,0,0,0,0,0,0,0,0,0,0,0,0,0,0,0,0,0,0,0,0,0,0,0,0,0,0,0,0,0,0,0,0,0,0,0,0,0,0,0,0,0,0,0,0,0,0,0,0,0,0,0,0,0,0,0,0,0,0,0,0,0,0,0,0,0,0,0,0,0,0,0,0,0,0,0,0,0,0,0,0
192,0,0,0,0,0,0,0,0,0,0,0,0,0,0,0,0,0,0,0,0,0,0,0,0,0,0,0,0,0,0,0,0,0,0,0,0,0,0,0,0,0,0,0,0,0,0,0,0,0,0,0,0,0,0,0,0,0,0,0,0,0,0,0,0,0,0,0,0,0,0,0,0,0,0,0,0,0,0,0,0,0,0,0,0,0,0,0,0,0,0,0,0,0,0,0,0,0,0,0,0,0,0,0,0,0,0,0,0,0,0,0,0,0,0,0,0,0,0,0,0,0,0,0,0,0,0,0,0,0,0,0,0,0,0,0,0,0,0,0,0,0,0,0,0,0,0,0,0,0,0,0,0,0,0,0,0,0,0,0,0
193,0,0,0,0,0,0,0,0,0,0,0,0,0,0,0,0,0,0,0,0,0,0,0,0,0,0,0,0,0,0,0,0,0,0,0,0,0,0,0,0,0,0,0,0,0,0,0,0,0,0,0,0,0,0,0,0,0,0,0,0,0,0,0,0,0,0,0,0,0,0,0,0,0,0,0,0,0,0,0,0,0,0,0,0,0,0,0,0,0,0,0,0,0,0,0,0,0,0,0,0,0,0,0,0,0,0,0,0,0,0,0,0,0,0,0,0,0,0,0,0,0,0,0,0,0,0,0,0,0,0,0,0,0,0,0,0,0,0,0,0,0,0,0,0,0,0,0,0,0,0,0,0,0,0,0,0,0,0,0,0
194,0,0,0,0,0,0,0,0,0,0,0,0,0,0,0,0,0,0,0,0,0,0,0,0,0,0,0,0,0,0,0,0,0,0,0,0,0,0,0,0,0,0,0,0,0,0,0,0,0,0,0,0,0,0,0,0,0,0,0,0,0,0,0,0,0,0,0,0,0,0,0,0,0,0,0,0,0,0,0,0,0,0,0,0,0,0,0,0,0,0,0,0,0,0,0,0,0,0,0,0,0,0,0,0,0,0,0,0,0,0,0,0,0,0,0,0,0,0,0,0,0,0,0,0,0,0,0,0,0,0,0,0,0,0,0,0,0,0,0,0,0,0,0,0,0,0,0,0,0,0,0,0,0,0,0,0,0,0,0,0
195,0,0,0,0,0,0,0,0,0,0,0,0,0,0,0,0,0,0,0,0,0,0,0,0,0,0,0,0,0,0,0,0,0,0,0,0,0,0,0,0,0,0,0,0,0,0,0,0,0,0,0,0,0,0,0,0,0,0,0,0,0,0,0,0,0,0,0,0,0,0,0,0,0,0,0,0,0,0,0,0,0,0,0,0,0,0,0,0,0,0,0,0,0,0,0,0,0,0,0,0,0,0,0,0,0,0,0,0,0,0,0,0,0,0,0,0,0,0,0,0,0,0,0,0,0,0,0,0,0,0,0,0,0,0,0,0,0,0,0,0,0,0,0,0,0,0,0,0,0,0,0,0,0,0,0,0,0,0,0,0
196,0,0,0,0,0,0,0,0,0,0,0,0,0,0,0,0,0,0,0,0,0,0,0,0,0,0,0,0,0,0,0,0,0,0,0,0,0,0,0,0,0,0,0,0,0,0,0,0,0,0,0,0,0,0,0,0,0,0,0,0,0,0,0,0,0,0,0,0,0,0,0,0,0,0,0,0,0,0,0,0,0,0,0,0,0,0,0,0,0,0,0,0,0,0,0,0,0,0,0,0,0,0,0,0,0,0,0,0,0,0,0,0,0,0,0,0,0,0,0,0,0,0,0,0,0,0,0,0,0,0,0,0,0,0,0,0,0,0,0,0,0,0,0,0,0,0,0,0,0,0,0,0,0,0,0,0,0,0,0,0
197,0,0,0,0,0,0,0,0,0,0,0,0,0,0,0,0,0,0,0,0,0,0,0,0,0,0,0,0,0,0,0,0,0,0,0,0,0,0,0,0,0,0,0,0,0,0,0,0,0,0,0,0,0,0,0,0,0,0,0,0,0,0,0,0,0,0,0,0,0,0,0,0,0,0,0,0,0,0,0,0,0,0,0,0,0,0,0,0,0,0,0,0,0,0,0,0,0,0,0,0,0,0,0,0,0,0,0,0,0,0,0,0,0,0,0,0,0,0,0,0,0,0,0,0,0,0,0,0,0,0,0,0,0,0,0,0,0,0,0,0,0,0,0,0,0,0,0,0,0,0,0,0,0,0,0,0,0,0,0,0
198,0,0,0,0,0,0,0,0,0,0,0,0,0,0,0,0,0,0,0,0,0,0,0,0,0,0,0,0,0,0,0,0,0,0,0,0,0,0,0,0,0,0,0,0,0,0,0,0,0,0,0,0,0,0,0,0,0,0,0,0,0,0,0,0,0,0,0,0,0,0,0,0,0,0,0,0,0,0,0,0,0,0,0,0,0,0,0,0,0,0,0,0,0,0,0,0,0,0,0,0,0,0,0,0,0,0,0,0,0,0,0,0,0,0,0,0,0,0,0,0,0,0,0,0,0,0,0,0,0,0,0,0,0,0,0,0,0,0,0,0,0,0,0,0,0,0,0,0,0,0,0,0,0,0,0,0,0,0,0,0
199,0,0,0,0,0,0,0,0,0,0,0,0,0,0,0,0,0,0,0,0,0,0,0,0,0,0,0,0,0,0,0,0,0,0,0,0,0,0,0,0,0,0,0,0,0,0,0,0,0,0,0,0,0,0,0,0,0,0,0,0,0,0,0,0,0,0,0,0,0,0,0,0,0,0,0,0,0,0,0,0,0,0,0,0,0,0,0,0,0,0,0,0,0,0,0,0,0,0,0,0,0,0,0,0,0,0,0,0,0,0,0,0,0,0,0,0,0,0,0,0,0,0,0,0,0,0,0,0,0,0,0,0,0,0,0,0,0,0,0,0,0,0,0,0,0,0,0,0,0,0,0,0,0,0,0,0,0,0,0,0
200,0,0,0,0,0,0,0,0,0,0,0,0,0,0,0,0,0,0,0,0,0,0,0,0,0,0,0,0,0,0,0,0,0,0,0,0,0,0,0,0,0,0,0,0,0,0,0,0,0,0,0,0,0,0,0,0,0,0,0,0,0,0,0,0,0,0,0,0,0,0,0,0,0,0,0,0,0,0,0,0,0,0,0,0,0,0,0,0,0,0,0,0,0,0,0,0,0,0,0,0,0,0,0,0,0,0,0,0,0,0,0,0,0,0,0,0,0,0,0,0,0,0,0,0,0,0,0,0,0,0,0,0,0,0,0,0,0,0,0,0,0,0,0,0,0,0,0,0,0,0,0,0,0,0,0,0,0,0,0,0
201,0,0,0,0,0,0,0,0,0,0,0,0,0,0,0,0,0,0,0,0,0,0,0,0,0,0,0,0,0,0,0,0,0,0,0,0,0,0,0,0,0,0,0,0,0,0,0,0,0,0,0,0,0,0,0,0,0,0,0,0,0,0,0,0,0,0,0,0,0,0,0,0,0,0,0,0,0,0,0,0,0,0,0,0,0,0,0,0,0,0,0,0,0,0,0,0,0,0,0,0,0,0,0,0,0,0,0,0,0,0,0,0,0,0,0,0,0,0,0,0,0,0,0,0,0,0,0,0,0,0,0,0,0,0,0,0,0,0,0,0,0,0,0,0,0,0,0,0,0,0,0,0,0,0,0,0,0,0,0,0
